21382.6578352
21382.4537287
21382.3976988
21382.3657963
21382.2725387
21382.8319248
21382.3787543
21382.8656822
21382.1658587
21382.5734145
21382.4014812
21382.6730365
21382.7428901
21382.5563789
21382.3515505
21382.4439358
21382.5378368
21382.4649041
21382.4239847
21382.3077284
21382.6781958
21382.5380129
21382.5513268
21382.426121
21382.2941972
21382.2600699
21382.6625301
21382.3997617
21382.6172279
21382.2604338
21382.6749738
21382.7301051
21382.5658837
21382.3402453
21382.8243879
21382.3999559
21382.5644393
21382.7434329
21382.0429707
21382.3476699
21382.7188943
21382.5947548
21382.4078838
21382.4687906
21382.4639481
21382.1022561
21382.4452475
21382.2691494
21382.3683025
21382.2852042
21382.396348
21382.3360935
21382.5781143
21382.8018042
21382.2685172
21382.1714471
21382.5701737
21382.3638612
21382.6600583
21382.7946752
21382.5269882
21382.5739694
21382.8283541
21382.6651202
21382.1300792
21382.288329
21382.3762982
21382.5534179
21382.4677105
21382.4987489
21382.3587015
21382.254442
21382.4626844
21382.670918
21382.2134375
21382.4001792
21382.5689682
21385.3776108
21382.4245758
21382.4442607
21382.6451543
21382.482956
21382.6062847
21382.302054
21382.2022493
21382.440127
21382.3256752
21382.3080367
21382.7894992
21382.9355983
21382.9948585
21382.5918279
21382.4610163
21383.1420691
21382.5764073
21382.3002916
21382.6391469
21383.0915923
21382.9128955
