21382.1248239
21381.9892063
21381.9323638
21381.7947338
21381.7092665
21382.1526885
21382.2515973
21381.6238202
21381.8841611
21381.8679241
21381.8610889
21381.837349
21382.1260085
21382.0473105
21381.7402222
21382.1829407
21381.8583024
21381.9247163
21381.7210442
21382.1760681
21381.8141681
21381.9523023
21381.9079375
21381.8607828
21381.658888
21381.8072655
21382.0899866
21381.9125935
21381.9752797
21381.6415588
21382.1395372
21381.9669325
21382.1098636
21381.7813096
21382.1683011
21381.8175461
21381.9317297
21382.1537565
21381.590449
21381.8903438
21382.199833
21381.9339338
21381.7152748
21381.8950669
21381.8146303
21381.6049848
21381.9019501
21381.7387185
21381.8647485
21381.8045896
21381.9377848
21382.0587961
21381.7316343
21382.1460832
21381.8233345
21382.1242026
21381.9416863
21382.1688099
21382.2236645
21381.685722
21382.074013
21381.8862337
21382.1794881
21382.2948389
21381.7456345
21381.8291669
21381.7137299
21381.8978001
21381.9755345
21381.9948509
21381.8344314
21381.7668789
21381.9669265
21382.2192461
21381.9663929
21381.5043516
21381.911973
21381.8072178
21381.8268493
21382.0560523
21381.7287952
21381.8662335
21381.6356279
21381.8694924
21381.7741375
21381.7970334
21381.7754841
21381.7695219
21382.3059338
21382.3311557
21382.447293
21381.9120771
21382.0503114
21382.5045027
21381.8244991
21382.0536021
21382.0871856
21382.3427756
21382.1781675
