21381.5235892
21381.5733663
21381.761374
21381.4260502
21381.3330874
21381.8020662
21381.6613746
21381.5338539
21381.4244915
21381.2305088
21381.4793339
21381.4198072
21381.3844985
21381.6711444
21381.5605561
21381.7632703
21381.4087147
21381.3473342
21381.3807001
21381.7223361
21381.5722456
21381.5337539
21381.4249927
21381.2928179
21381.3565298
21381.6020853
21381.4572061
21381.233895
21381.5503319
21381.7380699
21381.5830464
21381.7203302
21381.3567502
21381.4286203
21381.8349499
21381.5142337
21381.3103023
21381.7178495
21381.5031573
21381.7173567
21381.4301591
21381.2683224
21381.5533261
21381.3881587
21381.2214334
21381.5117843
21381.5308589
21381.4481259
21381.5009112
21381.464745
21381.7061633
21381.3046367
21381.7345178
21381.3986839
21381.4842671
21381.777093
21381.6865235
21381.3471331
21381.8093866
21381.7039933
21381.4252112
21381.7488573
21381.8449358
21381.4710265
21381.494501
21381.6035881
21381.3584369
21381.5435792
21381.4425987
21381.4941432
21381.3275786
21381.9180179
21381.5978908
21381.155184
21381.4953084
21381.4934226
21381.4832656
21381.4269091
21381.4687161
21381.7073498
21381.4669323
21381.3082881
21381.2156591
21381.3671238
21381.470372
21381.3689176
21381.8582215
21381.9428626
21381.4008012
21381.5961295
21381.5281215
21381.997392
21382.0385246
21381.5003148
21381.6138633
21381.7040451
21381.7833153
21381.928709
