21381.6014401
21381.4320814
21381.4312453
21381.4753601
21381.2953774
21381.2411665
21381.6157519
21381.4480534
21381.1179542
21381.3582971
21381.2841741
21381.2705496
21381.2184695
21381.5084368
21381.4811301
21381.2764578
21381.60153
21381.4309776
21381.1704297
21381.2596831
21381.5916876
21381.4538971
21381.3393811
21381.2464265
21381.0982438
21381.3388656
21381.2256448
21381.3534148
21381.4337777
21381.1301157
21381.629644
21381.2388718
21381.3895195
21381.5347207
21381.7040283
21381.2547583
21381.3618333
21381.3631793
21381.4979994
21381.2236004
21381.5633228
21381.2167507
21381.078295
21381.449581
21381.2398857
21381.0421656
21381.3482151
21381.3841919
21381.3961119
21381.3169934
21381.373329
21381.5915525
21381.6159223
21381.1511136
21381.2445537
21381.3290523
21381.7030872
21381.5431698
21381.6467228
21381.2488349
21381.5836482
21381.3246028
21381.6083355
21381.6515043
21381.3131801
21381.394016
21381.2877426
21381.4493583
21381.3813192
21381.3175684
21381.3483832
21381.2139529
21381.4070862
21381.7862845
21381.0182104
21381.3456702
21381.3932773
21381.3235915
21381.2762809
21381.5443308
21381.3450965
21381.1727775
21381.1008118
21381.2947982
21381.2961025
21381.2061503
21381.2141676
21381.2545522
21381.7118017
21381.762594
21381.8023036
21381.3732561
21381.4786573
21381.9372166
21381.5093199
21381.3571632
21381.5543169
21381.6000177
21381.8088171
