21381.4775045
21381.5288798
21381.6385368
21381.3864271
21381.5050696
21381.3742552
21381.637605
21381.1576073
21381.5503084
21381.3751836
21381.3393048
21381.3332009
21381.5725143
21381.5124856
21381.2667152
21381.3467504
21381.4299084
21381.6797791
21381.3605887
21381.2065755
21381.6121095
21381.5013016
21381.3635716
21381.2590523
21381.1305658
21381.3863897
21381.2773861
21381.4856496
21381.4095898
21381.1815984
21381.7096848
21381.5272385
21381.4433117
21381.3064107
21381.3043373
21381.7559462
21381.4179935
21381.2696536
21381.4954139
21381.3737549
21381.544474
21381.2050069
21381.1510503
21381.5100076
21381.2665562
21381.0536355
21381.4487871
21381.3755835
21381.3855552
21381.3685629
21381.4627302
21381.6692751
21381.665674
21381.2679212
21381.3459395
21381.7641092
21381.2240165
21381.5853554
21381.2994396
21381.732551
21381.6376117
21381.5963859
21381.3948812
21381.7033442
21381.4577023
21381.4088011
21381.3765386
21381.5305534
21381.4426753
21381.417217
21381.3861928
21381.2851403
21381.4597855
21381.8922898
21381.1078913
21381.3746087
21381.3500458
21381.4592195
21381.4014494
21381.564299
21381.339192
21381.2208195
21381.3378041
21381.146385
21381.3596662
21381.2542262
21381.2580844
21381.3363055
21381.7854037
21381.7887918
21381.4321009
21381.8114816
21381.5135468
21381.9731751
21381.5622632
21381.4574434
21381.5692043
21381.8607805
21381.632104
