21381.9072833
21381.8019832
21381.75796
21381.670211
21381.7494923
21381.6509836
21381.4110823
21381.8588549
21381.8147677
21381.5841878
21381.6206238
21381.6268493
21381.5129336
21381.8177708
21381.7502822
21381.679678
21381.975037
21381.6443917
21381.6465003
21381.4801057
21381.8989434
21381.7890925
21381.638428
21381.4690469
21381.3590365
21381.5421333
21381.6112362
21381.7598943
21381.6366186
21381.45225
21381.9725905
21381.6808225
21381.7521312
21381.5663458
21381.5486046
21382.038477
21381.5052308
21381.6794903
21381.7337169
21381.6157297
21381.4581671
21381.7837413
21381.484613
21381.4299796
21381.8038316
21381.6992935
21381.2871613
21381.6725831
21381.5933109
21381.7345913
21381.5948322
21381.9395611
21381.4678067
21381.8934701
21381.4722848
21382.0212126
21381.5763629
21381.8527929
21381.5430532
21382.0015473
21381.8379858
21381.6905412
21381.818484
21381.9586038
21381.6952362
21381.6290387
21381.7352093
21381.82246
21381.7066061
21381.684445
21381.6414014
21381.5420636
21381.6823021
21382.1430348
21381.3572296
21381.6104509
21381.7037389
21381.5891431
21381.5967193
21381.8246978
21381.6608681
21381.4638122
21381.5642148
21381.3835433
21381.6010738
21381.480335
21381.5490217
21381.6110195
21382.0415643
21382.0251471
21382.067914
21382.2095103
21381.6923064
21381.7965174
21381.7915448
21381.8016095
21381.7054459
21382.1324501
21381.9255163
