21382.1655884
21382.2695105
21382.121069
21382.0498268
21382.0952203
21382.0152397
21381.7397456
21382.2141827
21382.1975835
21381.9446044
21381.9823742
21382.0123852
21381.8809837
21382.1978353
21382.1420268
21382.3690952
21382.0368371
21382.0531037
21382.0438778
21382.280229
21381.8599719
21381.9906754
21382.1747007
21381.8073752
21381.7097762
21381.920254
21381.9775744
21381.9981472
21382.1401027
21381.7894468
21382.3303
21382.0441585
21382.0947439
21381.9387302
21381.9146431
21382.4368629
21382.0239197
21382.1228103
21381.8641287
21381.9643366
21382.1391243
21381.7988162
21381.8166706
21382.1784152
21381.7984571
21381.6110652
21382.05922
21382.0851175
21381.948935
21382.0981247
21382.3496208
21381.9465907
21381.8468634
21381.8427152
21382.2456402
21381.91997
21382.4104078
21382.1999845
21381.9136083
21382.386589
21382.2159333
21382.1684995
21382.0923183
21382.3312161
21382.0934625
21382.0955078
21382.0156688
21382.097376
21382.220717
21381.9942746
21382.0336287
21381.9117351
21382.5197558
21381.7313437
21382.0499874
21381.9619981
21382.0653506
21381.9420905
21381.9873295
21382.2063359
21382.0220616
21381.7983552
21381.8971266
21381.7300032
21381.9766135
21381.8342505
21381.9414508
21381.9503005
21382.4123865
21382.4125644
21382.4169906
21382.1701985
21382.0693979
21382.5756291
21382.1529072
21382.0909066
21382.4771026
21382.1438684
21382.3266791
