7 1 9.684226222e+03 1.548469514e+00 2.935569221e-03 2.359070912e-03 9.684499691e+03 1.969587862e+00 1.731492720e-03 1.233766547e-03 9.683938735e+03 9.683579698e+03 9.676926985e+03
7 2 9.685874349e+03 1.357948991e+00 2.783866038e-03 2.388947493e-03 9.686123203e+03 1.882647976e+00 1.661942449e-03 1.211243389e-03 9.686422866e+03 9.685744343e+03 9.678312150e+03
7 3 9.684761719e+03 1.279345942e+00 2.682142996e-03 2.371307802e-03 9.684921154e+03 1.467125434e+00 1.547482025e-03 1.277591431e-03 9.685444936e+03 9.684212904e+03 9.676677118e+03
7 4 9.685240126e+03 1.386425182e+00 2.765257238e-03 2.348482448e-03 9.685550432e+03 1.482950967e+00 1.535872401e-03 1.261222589e-03 9.685097592e+03 9.684740527e+03 9.678335447e+03
7 6 9.685025694e+03 1.307128483e+00 2.698085119e-03 2.359915798e-03 9.685278044e+03 1.381319331e+00 1.507083852e-03 1.282302154e-03 9.685273066e+03 9.685098617e+03 9.676693162e+03
7 7 9.684570946e+03 1.265589928e+00 2.696824734e-03 2.397210756e-03 9.685017728e+03 1.567673223e+00 1.616152455e-03 1.290786920e-03 9.684929591e+03 9.684437358e+03 9.678300686e+03
7 8 9.684906898e+03 1.285773957e+00 2.672202465e-03 2.356606373e-03 9.685176027e+03 1.460719924e+00 1.507273294e-03 1.247120815e-03 9.684003528e+03 9.684696707e+03 9.678332921e+03
7 9 9.685096623e+03 1.242993449e+00 2.708620196e-03 2.429482038e-03 9.685337727e+03 1.412546593e+00 1.560676515e-03 1.313141432e-03 9.686550246e+03 9.684714142e+03 9.676685550e+03
7 11 9.685644636e+03 1.374955642e+00 2.732462662e-03 2.330289576e-03 9.685901010e+03 1.871136188e+00 1.607560730e-03 1.175207866e-03 9.685529241e+03 9.685488784e+03 9.678326944e+03
7 12 9.685603975e+03 1.327963598e+00 2.760459677e-03 2.395456686e-03 9.685929714e+03 1.940123823e+00 1.702484335e-03 1.222273513e-03 9.685713100e+03 9.685552707e+03 9.678295579e+03
7 13 9.684739914e+03 1.198412272e+00 2.635056739e-03 2.407059619e-03 9.685098866e+03 1.350560696e+00 1.508051762e-03 1.297654852e-03 9.685904066e+03 9.684958617e+03 9.678334184e+03
7 14 9.685524271e+03 1.297659377e+00 2.679072607e-03 2.351820270e-03 9.685792254e+03 1.671334534e+00 1.536081644e-03 1.188181007e-03 9.686606690e+03 9.685974957e+03 9.678339806e+03
7 16 9.685200400e+03 1.477906675e+00 2.718221298e-03 2.235945974e-03 9.685585689e+03 2.133349610e+00 1.603697372e-03 1.097972344e-03 9.686038014e+03 9.685288623e+03 9.676685609e+03
7 17 9.685278909e+03 1.313657958e+00 2.686192553e-03 2.343667460e-03 9.685450492e+03 1.882604182e+00 1.615290051e-03 1.177256261e-03 9.686256516e+03 9.684634939e+03 9.676666031e+03
7 18 9.685402927e+03 1.416121946e+00 2.787468415e-03 2.342392282e-03 9.685647681e+03 2.012380905e+00 1.682728877e-03 1.186203098e-03 9.687416596e+03 9.685606621e+03 9.678274829e+03
7 19 9.685049522e+03 1.361158302e+00 2.736532938e-03 2.345559000e-03 9.685363615e+03 1.426665303e+00 1.492363023e-03 1.249434317e-03 9.685859284e+03 9.685417868e+03 9.678291108e+03
7 21 9.685528946e+03 1.343742869e+00 2.791434837e-03 2.408071668e-03 9.685867787e+03 1.805590746e+00 1.683543847e-03 1.252895276e-03 9.686765280e+03 9.685050757e+03 9.678292630e+03
7 22 9.684699291e+03 1.328966912e+00 2.641518498e-03 2.291377120e-03 9.685015420e+03 1.677810935e+00 1.553060120e-03 1.198993304e-03 9.685568097e+03 9.684844486e+03 9.676676695e+03
7 23 9.684784820e+03 1.331879392e+00 2.678510312e-03 2.320923752e-03 9.685088497e+03 1.518853621e+00 1.528674932e-03 1.240386936e-03 9.685655393e+03 9.684548728e+03 9.676688837e+03
7 24 9.684839682e+03 1.296976836e+00 2.686431203e-03 2.358900450e-03 9.685163613e+03 1.343947387e+00 1.474484914e-03 1.271888967e-03 9.685890827e+03 9.685421949e+03 9.676694451e+03
7 26 9.685414720e+03 1.338067656e+00 2.711840863e-03 2.344364649e-03 9.685732817e+03 1.869243538e+00 1.671333323e-03 1.222447251e-03 9.686557157e+03 9.685466491e+03 9.678328392e+03
7 27 9.684751425e+03 1.264408508e+00 2.665205785e-03 2.370211181e-03 9.684976994e+03 1.314029192e+00 1.445259915e-03 1.260792018e-03 9.685757186e+03 9.685299895e+03 9.676681010e+03
7 28 9.684687151e+03 1.246072053e+00 2.635200630e-03 2.360707109e-03 9.684898216e+03 1.321454858e+00 1.498368969e-03 1.303444682e-03 9.684628441e+03 9.684909832e+03 9.678330793e+03
7 29 9.684402074e+03 1.308160772e+00 2.709481643e-03 2.368948679e-03 9.684650247e+03 1.314286230e+00 1.532987767e-03 1.337191818e-03 9.685435810e+03 9.683966497e+03 9.676669147e+03
7 31 9.685302274e+03 1.332594925e+00 2.704025447e-03 2.342403438e-03 9.685629856e+03 1.450266066e+00 1.549820447e-03 1.286937760e-03 9.685220606e+03 9.685506864e+03 9.676667511e+03
7 32 9.685242447e+03 1.343094845e+00 2.655053523e-03 2.290972833e-03 9.685575475e+03 1.694418271e+00 1.560088487e-03 1.198502431e-03 9.686162456e+03 9.685753674e+03 9.678293390e+03
7 33 9.684600045e+03 1.289266266e+00 2.712558696e-03 2.388954261e-03 9.684878768e+03 1.356565741e+00 1.505106384e-03 1.292250698e-03 9.685297657e+03 9.685225032e+03 9.676673026e+03
7 34 9.684599882e+03 1.206079018e+00 2.623812482e-03 2.389158227e-03 9.684917113e+03 1.274807916e+00 1.474815871e-03 1.306217286e-03 9.685077726e+03 9.685245016e+03 9.678305021e+03
7 36 9.685608357e+03 1.434331114e+00 2.748387002e-03 2.294844043e-03 9.685878624e+03 2.004631851e+00 1.658689735e-03 1.171514973e-03 9.686045588e+03 9.685253483e+03 9.676717906e+03
7 37 9.684900415e+03 1.402533063e+00 2.700684988e-03 2.280433312e-03 9.685251175e+03 1.611684541e+00 1.580183441e-03 1.244708016e-03 9.685189129e+03 9.684490918e+03 9.676680129e+03
7 38 9.685520285e+03 1.428914468e+00 2.708064089e-03 2.265456989e-03 9.685722160e+03 1.838287875e+00 1.590732530e-03 1.173249563e-03 9.686185353e+03 9.685283082e+03 9.678280264e+03
7 39 9.685136342e+03 1.287365665e+00 2.653243319e-03 2.338439392e-03 9.685408489e+03 1.380541960e+00 1.534021244e-03 1.305589259e-03 9.685416961e+03 9.684534271e+03 9.676691761e+03
7 41 9.685506566e+03 1.413613252e+00 2.786641937e-03 2.343774715e-03 9.685846077e+03 2.068524368e+00 1.696061704e-03 1.179264778e-03 9.685742188e+03 9.684898002e+03 9.678305317e+03
7 42 9.684841756e+03 1.356058044e+00 2.726960477e-03 2.341745552e-03 9.685086973e+03 1.688519362e+00 1.564307117e-03 1.203840636e-03 9.684997210e+03 9.684880561e+03 9.676690800e+03
7 43 9.685227281e+03 1.380878100e+00 2.707596000e-03 2.304125831e-03 9.685430752e+03 1.783010268e+00 1.618366961e-03 1.211992917e-03 9.685599256e+03 9.685126175e+03 9.676702112e+03
7 44 9.684909671e+03 1.347626352e+00 2.761723273e-03 2.379005315e-03 9.685245157e+03 1.529917583e+00 1.585481559e-03 1.281820394e-03 9.686181060e+03 9.684574153e+03 9.676676026e+03
7 46 9.685457351e+03 1.414592936e+00 2.665576183e-03 2.241172871e-03 9.685677734e+03 2.027821072e+00 1.616600969e-03 1.135240873e-03 9.685774419e+03 9.685597858e+03 9.678323916e+03
7 47 9.685399610e+03 1.331536578e+00 2.701364443e-03 2.341028109e-03 9.685774213e+03 1.645319419e+00 1.589761862e-03 1.239387074e-03 9.686496222e+03 9.685278795e+03 9.678329648e+03
7 48 9.685884237e+03 1.338881804e+00 2.729688488e-03 2.359076196e-03 9.686072756e+03 1.588289016e+00 1.572924394e-03 1.248081890e-03 9.687169893e+03 9.685698099e+03 9.678329264e+03
7 49 9.684860296e+03 1.338380916e+00 2.726253341e-03 2.356548287e-03 9.685268099e+03 1.720745176e+00 1.602122850e-03 1.221342681e-03 9.686529627e+03 9.685366089e+03 9.676672811e+03
7 51 9.685501130e+03 1.355475072e+00 2.738172632e-03 2.351879452e-03 9.685679544e+03 1.761719222e+00 1.647300517e-03 1.241093463e-03 9.685941332e+03 9.684979275e+03 9.676684590e+03
7 52 9.684708093e+03 1.295447786e+00 2.672123550e-03 2.347721505e-03 9.685052592e+03 1.412939673e+00 1.497840982e-03 1.260096773e-03 9.684974969e+03 9.684393034e+03 9.678259132e+03
7 53 9.685295845e+03 1.336847187e+00 2.759752949e-03 2.386873060e-03 9.685426863e+03 1.561913727e+00 1.653091244e-03 1.322721170e-03 9.686276636e+03 9.685136120e+03 9.676663944e+03
7 54 9.685346925e+03 1.380358152e+00 2.738680935e-03 2.331017566e-03 9.685764893e+03 1.972632249e+00 1.662551395e-03 1.183728258e-03 9.686102874e+03 9.685557732e+03 9.678294411e+03
7 56 9.685389414e+03 1.335477028e+00 2.669060816e-03 2.309618547e-03 9.685764523e+03 1.561703724e+00 1.556264622e-03 1.245329058e-03 9.685990347e+03 9.685253075e+03 9.678290849e+03
7 57 9.685510241e+03 1.345379991e+00 2.725767035e-03 2.349991290e-03 9.685853322e+03 1.858479053e+00 1.642347363e-03 1.204720172e-03 9.686139374e+03 9.685138682e+03 9.678294450e+03
7 58 9.685266958e+03 1.284180838e+00 2.691551259e-03 2.375141908e-03 9.685496508e+03 1.438486178e+00 1.595122768e-03 1.329968232e-03 9.686204955e+03 9.685063440e+03 9.678303198e+03
7 59 9.685266233e+03 1.255416179e+00 2.692633616e-03 2.403163963e-03 9.685498430e+03 1.704999913e+00 1.587893779e-03 1.216071937e-03 9.685715316e+03 9.685358931e+03 9.676749316e+03
7 61 9.686058294e+03 1.423190644e+00 2.753671545e-03 2.308238055e-03 9.686369360e+03 2.107117247e+00 1.751186372e-03 1.206390804e-03 9.686369719e+03 9.685497821e+03 9.678314810e+03
7 62 9.685510241e+03 1.370783073e+00 2.750374776e-03 2.349132482e-03 9.685759762e+03 1.720517498e+00 1.632348440e-03 1.244466819e-03 9.686881587e+03 9.685558322e+03 9.676684739e+03
7 63 9.685708595e+03 1.461748429e+00 2.741261263e-03 2.267326746e-03 9.686001906e+03 1.892002045e+00 1.653398944e-03 1.202034286e-03 9.686781840e+03 9.685714125e+03 9.676695410e+03
7 64 9.685456077e+03 1.398431656e+00 2.706096579e-03 2.288351155e-03 9.685772353e+03 1.778219418e+00 1.647383812e-03 1.235384420e-03 9.686515909e+03 9.685653056e+03 9.676713052e+03
7 66 9.685520865e+03 1.266625559e+00 2.641921711e-03 2.347447133e-03 9.685740032e+03 1.296066283e+00 1.442458277e-03 1.267038040e-03 9.685979275e+03 9.684885741e+03 9.676699523e+03
7 67 9.685288175e+03 1.407954085e+00 2.710560281e-03 2.284361457e-03 9.685653834e+03 1.743201305e+00 1.550364499e-03 1.174248581e-03 9.686119380e+03 9.685297992e+03 9.676699942e+03
7 68 9.685302172e+03 1.271598105e+00 2.703211510e-03 2.397204542e-03 9.685560097e+03 1.398083319e+00 1.536955398e-03 1.299854487e-03 9.685988221e+03 9.684842210e+03 9.678300229e+03
7 69 9.685268027e+03 1.312319524e+00 2.700020216e-03 2.356932912e-03 9.685441035e+03 1.338922083e+00 1.518629788e-03 1.312424297e-03 9.686052208e+03 9.685100650e+03 9.678320028e+03
7 71 9.684738284e+03 1.189476438e+00 2.583667582e-03 2.368965381e-03 9.685144109e+03 1.149630610e+00 1.391355348e-03 1.297653977e-03 9.684255697e+03 9.684248912e+03 9.676704225e+03
7 72 9.684951923e+03 1.280058683e+00 2.654337325e-03 2.346071124e-03 9.685054375e+03 1.408193684e+00 1.473420230e-03 1.241639248e-03 9.686029593e+03 9.684811898e+03 9.676679396e+03
7 73 9.685280956e+03 1.231051616e+00 2.681764238e-03 2.417032354e-03 9.685692887e+03 1.643005366e+00 1.594934075e-03 1.244294684e-03 9.686057111e+03 9.685170248e+03 9.678330387e+03
7 74 9.684966159e+03 1.344803459e+00 2.695167065e-03 2.324107875e-03 9.685110530e+03 1.614052881e+00 1.550241102e-03 1.220226262e-03 9.685900724e+03 9.684931721e+03 9.676665882e+03
7 76 9.685138434e+03 1.248810421e+00 2.660274508e-03 2.380554869e-03 9.685401367e+03 1.419786917e+00 1.511303460e-03 1.268352857e-03 9.686499507e+03 9.685348217e+03 9.678281214e+03
7 77 9.684791694e+03 1.365979264e+00 2.760189869e-03 2.361657445e-03 9.685165923e+03 1.645840732e+00 1.594134592e-03 1.242599238e-03 9.685217745e+03 9.685372985e+03 9.678333376e+03
7 78 9.685088671e+03 1.347208072e+00 2.715965670e-03 2.339951942e-03 9.685379976e+03 1.650873176e+00 1.577840897e-03 1.228022582e-03 9.685870686e+03 9.685318383e+03 9.676691977e+03
7 79 9.685446922e+03 1.350885590e+00 2.669662777e-03 2.296926623e-03 9.685693164e+03 1.957187785e+00 1.558291018e-03 1.113864388e-03 9.686342521e+03 9.685727778e+03 9.676667825e+03
7 81 9.684739680e+03 1.179847880e+00 2.628010249e-03 2.419435486e-03 9.685004818e+03 1.198159650e+00 1.428990647e-03 1.305485466e-03 9.685444968e+03 9.684555719e+03 9.676668609e+03
7 82 9.685125229e+03 1.412971820e+00 2.736330803e-03 2.301981606e-03 9.685396680e+03 1.786980014e+00 1.541150295e-03 1.152882763e-03 9.685469277e+03 9.685822841e+03 9.678251516e+03
7 83 9.685253858e+03 1.208699467e+00 2.635863090e-03 2.397527976e-03 9.685591035e+03 1.241739027e+00 1.485449422e-03 1.333038534e-03 9.685640055e+03 9.685556966e+03 9.678301814e+03
7 84 9.686004647e+03 1.393579534e+00 2.744574181e-03 2.324925782e-03 9.686377127e+03 1.916988437e+00 1.692668979e-03 1.222537779e-03 9.686739418e+03 9.685647510e+03 9.678324932e+03
7 86 9.685578003e+03 1.362786118e+00 2.738780098e-03 2.346082677e-03 9.685781154e+03 1.733283846e+00 1.571285351e-03 1.193493936e-03 9.686002094e+03 9.685909365e+03 9.677323976e+03
7 87 9.685587535e+03 1.413060779e+00 2.683182973e-03 2.257199098e-03 9.685780550e+03 1.838129417e+00 1.565250099e-03 1.154504679e-03 9.686558760e+03 9.685987194e+03 9.676697817e+03
7 88 9.685202725e+03 1.366499975e+00 2.680745896e-03 2.293247009e-03 9.685386698e+03 1.674889668e+00 1.557467257e-03 1.203443827e-03 9.685642852e+03 9.684876010e+03 9.678331000e+03
7 89 9.684790873e+03 1.177472082e+00 2.635539558e-03 2.428813844e-03 9.684979317e+03 1.224469148e+00 1.474607592e-03 1.332608387e-03 9.685552097e+03 9.684566488e+03 9.676668876e+03
7 91 9.685425801e+03 1.470690505e+00 2.745463916e-03 2.263888826e-03 9.685682386e+03 1.914594014e+00 1.576621405e-03 1.139433727e-03 9.685795175e+03 9.685176704e+03 9.676679027e+03
7 92 9.685130917e+03 1.410202221e+00 2.730984760e-03 2.299739154e-03 9.685402251e+03 1.588250279e+00 1.567874005e-03 1.244089686e-03 9.685478987e+03 9.684878601e+03 9.678250834e+03
7 93 9.684885245e+03 1.363970969e+00 2.705909433e-03 2.316918158e-03 9.685217958e+03 1.695711736e+00 1.586836658e-03 1.218586077e-03 9.684823586e+03 9.684438996e+03 9.676677428e+03
7 94 9.685324738e+03 1.288429063e+00 2.717672311e-03 2.394235320e-03 9.685586800e+03 1.373859390e+00 1.576409909e-03 1.344924834e-03 9.685995047e+03 9.685556863e+03 9.678298596e+03
7 96 9.685594485e+03 1.299736853e+00 2.672370672e-03 2.344061384e-03 9.685813997e+03 1.489021964e+00 1.525335253e-03 1.250013650e-03 9.686653620e+03 9.685444414e+03 9.678308119e+03
7 97 9.684312314e+03 1.283493868e+00 2.627808127e-03 2.319512687e-03 9.684719382e+03 1.392119347e+00 1.470797704e-03 1.246564368e-03 9.684972227e+03 9.684295735e+03 9.676666456e+03
7 98 9.685334428e+03 1.361960736e+00 2.743952511e-03 2.351225576e-03 9.685683541e+03 1.697285449e+00 1.631406624e-03 1.252231942e-03 9.685228385e+03 9.685433486e+03 9.678308942e+03
7 99 9.684839342e+03 1.502866615e+00 2.723517957e-03 2.221621269e-03 9.685168236e+03 1.890783948e+00 1.613182347e-03 1.173174211e-03 9.685739888e+03 9.684633144e+03 9.676711683e+03
7 101 9.684975268e+03 1.375716652e+00 2.719289431e-03 2.318413717e-03 9.685303804e+03 1.425670636e+00 1.576013948e-03 1.319928646e-03 9.684852367e+03 9.684707891e+03 9.676687385e+03
7 102 9.685477276e+03 1.461313291e+00 2.733704230e-03 2.261412860e-03 9.685698676e+03 2.059474983e+00 1.624305205e-03 1.131851304e-03 9.685726765e+03 9.684969662e+03 9.678326985e+03
7 103 9.684512529e+03 1.311060249e+00 2.642051072e-03 2.307437165e-03 9.684755564e+03 1.435989206e+00 1.486787791e-03 1.240718902e-03 9.684689503e+03 9.684630246e+03 9.676667468e+03
7 104 9.685683252e+03 1.377652535e+00 2.707101481e-03 2.306400314e-03 9.685834929e+03 1.686150355e+00 1.604396159e-03 1.235558932e-03 9.686033885e+03 9.685810172e+03 9.678306901e+03
7 106 9.685554457e+03 1.404688100e+00 2.760268923e-03 2.328956861e-03 9.685813622e+03 1.876503596e+00 1.694599152e-03 1.237064329e-03 9.686609249e+03 9.685754362e+03 9.678273234e+03
7 107 9.685049696e+03 1.418100579e+00 2.731425659e-03 2.293696056e-03 9.685226914e+03 1.562133703e+00 1.564069547e-03 1.251402330e-03 9.685504488e+03 9.685027604e+03 9.676674452e+03
7 108 9.685171842e+03 1.405184166e+00 2.659721646e-03 2.243724676e-03 9.685634246e+03 2.091889955e+00 1.619140619e-03 1.119476937e-03 9.685957478e+03 9.684878414e+03 9.678331973e+03
7 109 9.685128344e+03 1.248178177e+00 2.681343703e-03 2.400016316e-03 9.685546748e+03 1.445788029e+00 1.560879300e-03 1.298126480e-03 9.685072081e+03 9.684662936e+03 9.678297904e+03
7 111 9.685752604e+03 1.346458043e+00 2.616255469e-03 2.254673896e-03 9.685923170e+03 1.786229903e+00 1.530330562e-03 1.145029231e-03 9.686080590e+03 9.685654663e+03 9.676723265e+03
7 112 9.685065691e+03 1.346940551e+00 2.678400292e-03 2.307816477e-03 9.685299174e+03 1.656162092e+00 1.561449448e-03 1.213323219e-03 9.685417752e+03 9.684663918e+03 9.678303650e+03
7 113 9.685618763e+03 1.370733378e+00 2.685755619e-03 2.293981963e-03 9.685861828e+03 1.528944634e+00 1.487396843e-03 1.202904018e-03 9.686582079e+03 9.685661008e+03 9.676670359e+03
7 114 9.685190513e+03 1.422180776e+00 2.728224189e-03 2.287718864e-03 9.685433065e+03 1.707971333e+00 1.554636822e-03 1.189566325e-03 9.684544646e+03 9.685135553e+03 9.676667112e+03
7 116 9.685079407e+03 1.314950456e+00 2.646067821e-03 2.307524264e-03 9.685304764e+03 1.275765070e+00 1.448302823e-03 1.282253885e-03 9.684903135e+03 9.684883524e+03 9.676684362e+03
7 117 9.685074195e+03 1.274784374e+00 2.621207620e-03 2.321576806e-03 9.685438550e+03 1.389666540e+00 1.444282266e-03 1.225171197e-03 9.685176216e+03 9.685230595e+03 9.678318346e+03
7 118 9.684960739e+03 1.367135734e+00 2.704569979e-03 2.313089331e-03 9.685196972e+03 1.286952269e+00 1.467991089e-03 1.294023607e-03 9.685743471e+03 9.685490679e+03 9.676673112e+03
7 119 9.685054997e+03 1.320840150e+00 2.643275058e-03 2.299943816e-03 9.685209196e+03 1.361525750e+00 1.480472931e-03 1.268783556e-03 9.685279869e+03 9.684807115e+03 9.678302899e+03
7 121 9.684852764e+03 1.247592210e+00 2.636142911e-03 2.360112056e-03 9.685144536e+03 1.591496321e+00 1.485096852e-03 1.177204620e-03 9.684964987e+03 9.684280670e+03 9.678331061e+03
7 122 9.685401794e+03 1.425022746e+00 2.711844416e-03 2.271715134e-03 9.685741378e+03 1.897927971e+00 1.608497855e-03 1.167563804e-03 9.685939237e+03 9.685445613e+03 9.676671044e+03
7 123 9.685023013e+03 1.359493520e+00 2.722336901e-03 2.334819432e-03 9.685273856e+03 1.361208274e+00 1.497379432e-03 1.283422276e-03 9.685615439e+03 9.685213728e+03 9.676698373e+03
7 124 9.684846528e+03 1.351305742e+00 2.717628566e-03 2.337831940e-03 9.685134337e+03 1.500030804e+00 1.540253936e-03 1.257599160e-03 9.685148201e+03 9.684874035e+03 9.676693072e+03
7 126 9.685134943e+03 1.330914062e+00 2.677671461e-03 2.321038173e-03 9.685466938e+03 1.552175921e+00 1.567139143e-03 1.257873846e-03 9.685987451e+03 9.685324573e+03 9.678318305e+03
7 127 9.685614009e+03 1.371859661e+00 2.768949603e-03 2.364069327e-03 9.685943346e+03 1.688270499e+00 1.655083296e-03 1.273792947e-03 9.685391369e+03 9.685384908e+03 9.678327497e+03
7 128 9.685452505e+03 1.227511372e+00 2.672710370e-03 2.412343436e-03 9.685611348e+03 1.689261616e+00 1.590204743e-03 1.223501729e-03 9.686297033e+03 9.685214790e+03 9.678282759e+03
7 129 9.684828626e+03 1.362413179e+00 2.662650220e-03 2.281180764e-03 9.685064184e+03 1.454090921e+00 1.475510963e-03 1.223620260e-03 9.685405354e+03 9.685229730e+03 9.676690120e+03
7 131 9.685484155e+03 1.320135665e+00 2.664873942e-03 2.319355862e-03 9.685681805e+03 1.465264178e+00 1.541368037e-03 1.273351730e-03 9.686610659e+03 9.686354848e+03 9.678258982e+03
7 132 9.685250557e+03 1.330914267e+00 2.660505436e-03 2.306158276e-03 9.685395296e+03 1.563016624e+00 1.515418740e-03 1.212134619e-03 9.685138830e+03 9.684753758e+03 9.678307104e+03
7 133 9.685270269e+03 1.327189035e+00 2.645186515e-03 2.296095289e-03 9.685487263e+03 1.529817475e+00 1.501643250e-03 1.214079035e-03 9.686306629e+03 9.685570525e+03 9.678323692e+03
7 134 9.685141038e+03 1.364620222e+00 2.652772430e-03 2.270879522e-03 9.685474957e+03 1.809798847e+00 1.526328110e-03 1.134573796e-03 9.685229102e+03 9.684767146e+03 9.678275295e+03
7 136 9.685341530e+03 1.291635091e+00 2.619604621e-03 2.304972935e-03 9.685672786e+03 1.410324997e+00 1.487447161e-03 1.252512144e-03 9.686228592e+03 9.685876315e+03 9.676686233e+03
7 137 9.685305283e+03 1.342483785e+00 2.709277290e-03 2.338293014e-03 9.685621531e+03 1.936508295e+00 1.683368637e-03 1.209677355e-03 9.685164085e+03 9.685120739e+03 9.678331585e+03
7 138 9.684968261e+03 1.299190560e+00 2.708796726e-03 2.376511869e-03 9.685221375e+03 1.436931238e+00 1.561945077e-03 1.303010051e-03 9.684317873e+03 9.684775960e+03 9.676687879e+03
7 139 9.685954084e+03 1.434512159e+00 2.754955160e-03 2.300183150e-03 9.686215069e+03 1.822250479e+00 1.657764659e-03 1.228057892e-03 9.687412534e+03 9.685424479e+03 9.678298154e+03
7 141 9.685539958e+03 1.346060415e+00 2.688030324e-03 2.316871180e-03 9.685747173e+03 1.851769827e+00 1.616900261e-03 1.188200496e-03 9.686075529e+03 9.685422884e+03 9.676672124e+03
7 142 9.684910584e+03 1.360952584e+00 2.706825971e-03 2.320271670e-03 9.685254520e+03 1.519455479e+00 1.543719461e-03 1.252346163e-03 9.685673904e+03 9.684820024e+03 9.676674805e+03
7 143 9.685139013e+03 1.346587634e+00 2.645028655e-03 2.279360775e-03 9.685381840e+03 1.580800060e+00 1.507045690e-03 1.198637740e-03 9.685212149e+03 9.685449184e+03 9.678313222e+03
7 144 9.685150304e+03 1.388626032e+00 2.734448461e-03 2.320476053e-03 9.685353252e+03 1.403326197e+00 1.513718573e-03 1.277808649e-03 9.685521275e+03 9.684626464e+03 9.678282698e+03
7 146 9.684735455e+03 1.348269858e+00 2.674947600e-03 2.303705007e-03 9.684984484e+03 1.605934114e+00 1.557028184e-03 1.228662524e-03 9.684594755e+03 9.684592715e+03 9.676667683e+03
7 147 9.685053354e+03 1.251954788e+00 2.618278261e-03 2.340030280e-03 9.685304571e+03 1.321359819e+00 1.490766115e-03 1.296877527e-03 9.685673764e+03 9.685531126e+03 9.678326621e+03
7 148 9.684968736e+03 1.271078479e+00 2.600601434e-03 2.306681407e-03 9.685225663e+03 1.377090435e+00 1.429074581e-03 1.217793533e-03 9.685211303e+03 9.684709259e+03 9.676674792e+03
7 149 9.686386927e+03 1.425663757e+00 2.698449133e-03 2.259985648e-03 9.686420508e+03 1.800817506e+00 1.590790852e-03 1.185436330e-03 9.687143144e+03 9.685857306e+03 9.678332516e+03
7 151 9.684856863e+03 1.258393796e+00 2.597345876e-03 2.315375866e-03 9.685016048e+03 1.417047471e+00 1.469718345e-03 1.234644470e-03 9.686358994e+03 9.685579844e+03 9.678303753e+03
7 152 9.685352450e+03 1.244545559e+00 2.630609840e-03 2.358039309e-03 9.685605083e+03 1.335032925e+00 1.453955260e-03 1.258360435e-03 9.685765733e+03 9.685081597e+03 9.676704567e+03
7 153 9.685355850e+03 1.307728992e+00 2.637630599e-03 2.306508696e-03 9.685758609e+03 1.705483013e+00 1.537315517e-03 1.177170342e-03 9.685854011e+03 9.685706201e+03 9.678287352e+03
7 154 9.685060752e+03 1.399026876e+00 2.697751168e-03 2.280808698e-03 9.685422783e+03 2.055740063e+00 1.647018911e-03 1.148720803e-03 9.685813785e+03 9.684938314e+03 9.676696289e+03
7 156 9.684579070e+03 1.397194951e+00 2.643586750e-03 2.236480226e-03 9.684765314e+03 1.677846155e+00 1.561423682e-03 1.205437488e-03 9.685470811e+03 9.684504562e+03 9.676707630e+03
7 157 9.685449537e+03 1.432745790e+00 2.749935439e-03 2.297406934e-03 9.685709707e+03 1.830587040e+00 1.678847886e-03 1.240841061e-03 9.685573276e+03 9.685052176e+03 9.678293566e+03
7 158 9.685565512e+03 1.417728826e+00 2.736215534e-03 2.298019551e-03 9.685778822e+03 2.020800183e+00 1.698309456e-03 1.194689760e-03 9.686993289e+03 9.685238485e+03 9.678288490e+03
7 159 9.685452168e+03 1.387255719e+00 2.692580299e-03 2.286074619e-03 9.685649186e+03 1.755115259e+00 1.567281495e-03 1.183025715e-03 9.684754045e+03 9.685150237e+03 9.678291503e+03
7 161 9.684670900e+03 1.336997946e+00 2.671474851e-03 2.310392255e-03 9.684915754e+03 1.616323445e+00 1.596343771e-03 1.255631741e-03 9.686142689e+03 9.685268360e+03 9.678306356e+03
7 162 9.684700393e+03 1.452834998e+00 2.698424011e-03 2.238731685e-03 9.684901631e+03 1.799410567e+00 1.539634836e-03 1.147763992e-03 9.684456126e+03 9.684567624e+03 9.676689202e+03
7 163 9.685545042e+03 1.549077616e+00 2.719826928e-03 2.185267868e-03 9.685896198e+03 2.288766436e+00 1.658085413e-03 1.095988912e-03 9.686355166e+03 9.685422883e+03 9.678276606e+03
7 164 9.684738259e+03 1.449253128e+00 2.680443781e-03 2.226560907e-03 9.685060785e+03 1.503998852e+00 1.512498004e-03 1.233306606e-03 9.685626039e+03 9.684656891e+03 9.676671323e+03
7 166 9.685241913e+03 1.302862292e+00 2.670335540e-03 2.339465142e-03 9.685592477e+03 1.492327988e+00 1.556799788e-03 1.274384914e-03 9.686208697e+03 9.685716167e+03 9.678329600e+03
7 167 9.684892831e+03 1.295796219e+00 2.583009777e-03 2.269121214e-03 9.685173899e+03 1.645968199e+00 1.523392849e-03 1.187411341e-03 9.685193681e+03 9.685212059e+03 9.676674128e+03
7 168 9.684359341e+03 1.301455675e+00 2.592208306e-03 2.272245265e-03 9.684697280e+03 1.314710003e+00 1.399076057e-03 1.220186852e-03 9.685294269e+03 9.684122004e+03 9.678316351e+03
7 169 9.684840475e+03 1.362293450e+00 2.622948275e-03 2.247265539e-03 9.685132786e+03 1.578283816e+00 1.529743506e-03 1.217660075e-03 9.685186364e+03 9.684892936e+03 9.676688118e+03
7 171 9.684816801e+03 1.286678448e+00 2.620808478e-03 2.310469669e-03 9.685103907e+03 1.451477861e+00 1.495658776e-03 1.241444520e-03 9.685333029e+03 9.684692259e+03 9.676677023e+03
7 172 9.684731600e+03 1.266195099e+00 2.559269104e-03 2.274393679e-03 9.685008241e+03 1.461712550e+00 1.450450612e-03 1.199698063e-03 9.685176368e+03 9.685207465e+03 9.678305483e+03
7 173 9.684815280e+03 1.397393255e+00 2.667263678e-03 2.256350843e-03 9.685090265e+03 1.769609912e+00 1.599282345e-03 1.202226708e-03 9.685109369e+03 9.684917850e+03 9.676696908e+03
7 174 9.685742141e+03 1.304860484e+00 2.673181538e-03 2.340164643e-03 9.685977981e+03 1.636446731e+00 1.583561913e-03 1.237895862e-03 9.685756207e+03 9.684599593e+03 9.676690130e+03
7 176 9.685124348e+03 1.309172284e+00 2.611498677e-03 2.282398162e-03 9.685519159e+03 1.555738740e+00 1.517423082e-03 1.216573502e-03 9.684439050e+03 9.685197425e+03 9.676667268e+03
7 177 9.684860264e+03 1.224068409e+00 2.594152594e-03 2.344729103e-03 9.685248839e+03 1.579574911e+00 1.531987268e-03 1.218947616e-03 9.685780628e+03 9.685043156e+03 9.676698521e+03
7 178 9.685249680e+03 1.272564251e+00 2.632695686e-03 2.333784775e-03 9.685513936e+03 1.450418448e+00 1.520504921e-03 1.262528448e-03 9.685747140e+03 9.685151462e+03 9.676664937e+03
7 179 9.685186462e+03 1.328143853e+00 2.699827332e-03 2.342682489e-03 9.685370216e+03 1.376382302e+00 1.520186888e-03 1.295768573e-03 9.686533056e+03 9.685574196e+03 9.678284015e+03
7 181 9.684866301e+03 1.184267909e+00 2.574818660e-03 2.366037738e-03 9.685082632e+03 1.225179957e+00 1.482357610e-03 1.339223451e-03 9.685554953e+03 9.685576306e+03 9.678332636e+03
7 182 9.685023258e+03 1.234844999e+00 2.605907651e-03 2.345053728e-03 9.685250148e+03 1.297733743e+00 1.464662177e-03 1.285714873e-03 9.685635736e+03 9.684722665e+03 9.678266782e+03
7 183 9.685069677e+03 1.230857808e+00 2.620818080e-03 2.362288488e-03 9.685352246e+03 1.304299627e+00 1.445437669e-03 1.265641432e-03 9.684563850e+03 9.685193589e+03 9.676666648e+03
7 184 9.685429491e+03 1.421708542e+00 2.679504722e-03 2.247238881e-03 9.685650150e+03 1.532424169e+00 1.469693985e-03 1.187236993e-03 9.685852680e+03 9.685060296e+03 9.678307404e+03
7 186 9.685373397e+03 1.323311202e+00 2.646177533e-03 2.300318559e-03 9.685604512e+03 1.528371668e+00 1.485638565e-03 1.201707234e-03 9.685605697e+03 9.685190310e+03 9.678239196e+03
7 187 9.685413561e+03 1.392129100e+00 2.712295652e-03 2.298779269e-03 9.685758858e+03 1.656478504e+00 1.626949180e-03 1.264098992e-03 9.686902020e+03 9.685746015e+03 9.676693899e+03
7 188 9.684874021e+03 1.205573339e+00 2.610830937e-03 2.377836190e-03 9.685030514e+03 1.207117906e+00 1.474737278e-03 1.342269779e-03 9.685834777e+03 9.685097665e+03 9.676668982e+03
7 189 9.685443407e+03 1.385997842e+00 2.641217384e-03 2.243483450e-03 9.685693233e+03 1.594283897e+00 1.506419206e-03 1.193062003e-03 9.685850642e+03 9.684842378e+03 9.678315067e+03
7 191 9.685467250e+03 1.444995541e+00 2.693514355e-03 2.240712005e-03 9.685827102e+03 1.987295643e+00 1.613195356e-03 1.144341697e-03 9.686617498e+03 9.685213570e+03 9.678316525e+03
7 192 9.684993718e+03 1.265534149e+00 2.601408874e-03 2.312446443e-03 9.685219048e+03 1.334630515e+00 1.462564167e-03 1.266002035e-03 9.684833406e+03 9.684483188e+03 9.676674775e+03
7 193 9.685439235e+03 1.293125219e+00 2.606175880e-03 2.291835437e-03 9.685602122e+03 1.458827185e+00 1.489884232e-03 1.233532510e-03 9.686085438e+03 9.685155191e+03 9.678315353e+03
7 194 9.684658078e+03 1.360784534e+00 2.703157179e-03 2.317269880e-03 9.684926929e+03 1.661565329e+00 1.594961207e-03 1.237346727e-03 9.684836267e+03 9.684593431e+03 9.676669892e+03
7 196 9.684993829e+03 1.287098921e+00 2.624739271e-03 2.313557011e-03 9.685408981e+03 1.516702935e+00 1.536118872e-03 1.247310451e-03 9.686308817e+03 9.685436058e+03 9.676671508e+03
7 197 9.685224466e+03 1.361658233e+00 2.654884412e-03 2.275157987e-03 9.685400130e+03 1.642685707e+00 1.519792440e-03 1.185787972e-03 9.684625546e+03 9.685025053e+03 9.676675681e+03
7 198 9.685278214e+03 1.433488589e+00 2.703229461e-03 2.257801680e-03 9.685561193e+03 1.761224948e+00 1.628073806e-03 1.226779965e-03 9.686073156e+03 9.684500902e+03 9.676681169e+03
7 199 9.684930724e+03 1.447173908e+00 2.683319003e-03 2.230549905e-03 9.685148709e+03 1.535187456e+00 1.496926694e-03 1.208147129e-03 9.686355777e+03 9.685048235e+03 9.676699122e+03
