7 1 9.684446578e+03 1.328319613e+00 2.718894075e-03 2.359070912e-03 9.684602842e+03 1.596319902e+00 1.558809179e-03 1.233766547e-03 9.683433454e+03 9.683417379e+03 9.676926985e+03
7 2 9.685383266e+03 1.205497388e+00 2.622948365e-03 2.388947493e-03 9.685563127e+03 1.492528328e+00 1.479764864e-03 1.211243389e-03 9.686549286e+03 9.685385946e+03 9.678312150e+03
7 3 9.684724334e+03 1.180301589e+00 2.576228772e-03 2.371307802e-03 9.684864238e+03 1.237938365e+00 1.421482448e-03 1.277591431e-03 9.683376535e+03 9.684877027e+03 9.676677118e+03
7 4 9.685107061e+03 1.232801186e+00 2.607557178e-03 2.348482448e-03 9.685270136e+03 1.218003894e+00 1.391925781e-03 1.261222589e-03 9.683872577e+03 9.683208503e+03 9.678335447e+03
7 6 9.685011854e+03 1.161923185e+00 2.543813199e-03 2.359915798e-03 9.685141930e+03 1.184007271e+00 1.395299878e-03 1.282302154e-03 9.684251785e+03 9.684278190e+03 9.676693162e+03
7 7 9.684803119e+03 1.152962063e+00 2.574030724e-03 2.397210756e-03 9.685048864e+03 1.307609487e+00 1.476024572e-03 1.290786920e-03 9.685732994e+03 9.685704149e+03 9.678300686e+03
7 8 9.685056345e+03 1.165112790e+00 2.543730121e-03 2.356606373e-03 9.685184584e+03 1.277138093e+00 1.409377900e-03 1.247120815e-03 9.685147158e+03 9.685234942e+03 9.678332921e+03
7 9 9.685118801e+03 1.131491584e+00 2.584278750e-03 2.429482038e-03 9.685257880e+03 1.197466663e+00 1.436955173e-03 1.313141432e-03 9.683278601e+03 9.684245209e+03 9.676685550e+03
7 11 9.685326399e+03 1.227296105e+00 2.581573953e-03 2.330289576e-03 9.685468949e+03 1.511919141e+00 1.445037016e-03 1.175207866e-03 9.684916538e+03 9.683837036e+03 9.678326944e+03
7 12 9.685459549e+03 1.159672880e+00 2.579622005e-03 2.395456686e-03 9.685653051e+03 1.494073489e+00 1.494013013e-03 1.222273513e-03 9.682756604e+03 9.684934640e+03 9.678295579e+03
7 13 9.684855632e+03 1.092136551e+00 2.515505772e-03 2.407059619e-03 9.685049353e+03 1.104644533e+00 1.363862124e-03 1.297654852e-03 9.682515757e+03 9.684470267e+03 9.678334184e+03
7 14 9.685269505e+03 1.173820871e+00 2.548032967e-03 2.351820270e-03 9.685391504e+03 1.369182302e+00 1.390315115e-03 1.188181007e-03 9.686823831e+03 9.685247167e+03 9.678339806e+03
7 16 9.685007558e+03 1.324403607e+00 2.573187797e-03 2.235945974e-03 9.685210892e+03 1.743847329e+00 1.449925311e-03 1.097972344e-03 9.686025305e+03 9.685476357e+03 9.676685609e+03
7 17 9.685184413e+03 1.194333317e+00 2.561290059e-03 2.343667460e-03 9.685284505e+03 1.594547372e+00 1.486584916e-03 1.177256261e-03 9.686040786e+03 9.684189726e+03 9.676666031e+03
7 18 9.685084059e+03 1.236792244e+00 2.605001664e-03 2.342392282e-03 9.685205229e+03 1.557652675e+00 1.480452121e-03 1.186203098e-03 9.686106850e+03 9.685435429e+03 9.678274829e+03
7 19 9.685080920e+03 1.189424431e+00 2.558083928e-03 2.345559000e-03 9.685196520e+03 1.195687478e+00 1.366225134e-03 1.249434317e-03 9.682703926e+03 9.684168094e+03 9.678291108e+03
7 21 9.685409448e+03 1.194490615e+00 2.631847852e-03 2.408071668e-03 9.685610921e+03 1.449191888e+00 1.508265228e-03 1.252895276e-03 9.684128830e+03 9.684722750e+03 9.678292630e+03
7 22 9.684843535e+03 1.226992963e+00 2.538151891e-03 2.291377120e-03 9.685008994e+03 1.433526256e+00 1.435554165e-03 1.198993304e-03 9.684129306e+03 9.683129721e+03 9.676676695e+03
7 23 9.685011572e+03 1.189192261e+00 2.530969492e-03 2.320923752e-03 9.685158084e+03 1.257732949e+00 1.391077745e-03 1.240386936e-03 9.684398008e+03 9.683420505e+03 9.676688837e+03
7 24 9.684754217e+03 1.151009337e+00 2.530748783e-03 2.358900450e-03 9.684894169e+03 1.152458139e+00 1.365405914e-03 1.271888967e-03 9.681467494e+03 9.683812928e+03 9.676694451e+03
7 26 9.685138372e+03 1.187787076e+00 2.555020928e-03 2.344364649e-03 9.685330429e+03 1.495023774e+00 1.494700493e-03 1.222447251e-03 9.685017416e+03 9.684609447e+03 9.678328392e+03
7 27 9.684438531e+03 1.129154466e+00 2.518626223e-03 2.370211181e-03 9.684581182e+03 1.131039699e+00 1.340856727e-03 1.260792018e-03 9.683154969e+03 9.685205892e+03 9.676681010e+03
7 28 9.684739391e+03 1.145680563e+00 2.526817526e-03 2.360707109e-03 9.684840526e+03 1.119066932e+00 1.378861469e-03 1.303444682e-03 9.681556860e+03 9.683221045e+03 9.678330793e+03
7 29 9.684314876e+03 1.170538467e+00 2.562999358e-03 2.368948679e-03 9.684470731e+03 1.076218359e+00 1.387215423e-03 1.337191818e-03 9.682737523e+03 9.684094419e+03 9.676669147e+03
7 31 9.685083652e+03 1.190716421e+00 2.556029537e-03 2.342403438e-03 9.685245916e+03 1.210654144e+00 1.416014140e-03 1.286937760e-03 9.682876968e+03 9.683574421e+03 9.676667511e+03
7 32 9.685298445e+03 1.231581329e+00 2.542444536e-03 2.290972833e-03 9.685461626e+03 1.374743433e+00 1.405237549e-03 1.198502431e-03 9.682096284e+03 9.683988552e+03 9.678293390e+03
7 33 9.684706793e+03 1.167001758e+00 2.580736059e-03 2.388954261e-03 9.684826486e+03 1.150223816e+00 1.385919333e-03 1.292250698e-03 9.686613268e+03 9.681985794e+03 9.676673026e+03
7 34 9.685050090e+03 1.105556746e+00 2.512091373e-03 2.389158227e-03 9.685173435e+03 1.084838922e+00 1.360498465e-03 1.306217286e-03 9.685128470e+03 9.685117604e+03 9.678305021e+03
7 36 9.685705755e+03 1.280163572e+00 2.596485542e-03 2.294844043e-03 9.685862363e+03 1.570609179e+00 1.468188809e-03 1.171514973e-03 9.669885875e+03 9.686235533e+03 9.676717906e+03
7 37 9.684842014e+03 1.255887047e+00 2.555598749e-03 2.280433312e-03 9.685050171e+03 1.291681737e+00 1.414637759e-03 1.244708016e-03 9.758169147e+03 9.685885645e+03 9.676680129e+03
7 38 9.685323920e+03 1.231069686e+00 2.513605628e-03 2.265456989e-03 9.685443596e+03 1.472736645e+00 1.423812979e-03 1.173249563e-03 9.684716307e+03 9.685286116e+03 9.678280264e+03
7 39 9.685067321e+03 1.159750042e+00 2.518304935e-03 2.338439392e-03 9.685241613e+03 1.128449651e+00 1.386908026e-03 1.305589259e-03 9.683989831e+03 9.684482988e+03 9.676691761e+03
7 41 9.685233022e+03 1.226788020e+00 2.595975730e-03 2.343774715e-03 9.685453146e+03 1.599705022e+00 1.491527557e-03 1.179264778e-03 9.684204567e+03 9.684486455e+03 9.678305317e+03
7 42 9.684903424e+03 1.196870327e+00 2.561906373e-03 2.341745552e-03 9.684986876e+03 1.411298833e+00 1.430139790e-03 1.203840636e-03 9.683617100e+03 9.682699974e+03 9.676690800e+03
7 43 9.685208262e+03 1.245787478e+00 2.571746594e-03 2.304125831e-03 9.685303012e+03 1.478460174e+00 1.473685793e-03 1.211992917e-03 9.684224491e+03 9.683123450e+03 9.676702112e+03
7 44 9.684785177e+03 1.181643262e+00 2.586060041e-03 2.379005315e-03 9.685003749e+03 1.241503398e+00 1.428239807e-03 1.281820394e-03 9.684069155e+03 9.683492143e+03 9.676676026e+03
7 46 9.685327535e+03 1.264207253e+00 2.519906900e-03 2.241172871e-03 9.685421884e+03 1.618874675e+00 1.444423793e-03 1.135240873e-03 9.683327646e+03 9.681959254e+03 9.678323916e+03
7 47 9.685465503e+03 1.194871634e+00 2.558982135e-03 2.341028109e-03 9.685643123e+03 1.331482808e+00 1.430127455e-03 1.239387074e-03 9.683200511e+03 9.684930554e+03 9.678329648e+03
7 48 9.685504582e+03 1.179332333e+00 2.561887598e-03 2.359076196e-03 9.685627681e+03 1.300663162e+00 1.423395215e-03 1.248081890e-03 9.683644549e+03 9.684175655e+03 9.678329264e+03
7 49 9.685026867e+03 1.180838178e+00 2.560775677e-03 2.356548287e-03 9.685216678e+03 1.381827814e+00 1.435702641e-03 1.221342681e-03 9.680213577e+03 9.684174592e+03 9.676672811e+03
7 51 9.685338116e+03 1.193427098e+00 2.569289282e-03 2.351879452e-03 9.685478731e+03 1.394130717e+00 1.465400166e-03 1.241093463e-03 9.684507179e+03 9.684352954e+03 9.676684590e+03
7 52 9.684852723e+03 1.154056512e+00 2.522087304e-03 2.347721505e-03 9.685045054e+03 1.171196002e+00 1.363699527e-03 1.260096773e-03 9.684002333e+03 9.684094149e+03 9.678259132e+03
7 53 9.685117919e+03 1.172390715e+00 2.584434370e-03 2.386873060e-03 9.685206000e+03 1.235349630e+00 1.470155420e-03 1.322721170e-03 9.687280196e+03 9.683577797e+03 9.676663944e+03
7 54 9.685182007e+03 1.235705450e+00 2.591212484e-03 2.331017566e-03 9.685417722e+03 1.648653386e+00 1.519905879e-03 1.183728258e-03 9.683161673e+03 9.685867379e+03 9.678294411e+03
7 56 9.685413514e+03 1.191135458e+00 2.520698106e-03 2.309618547e-03 9.685605982e+03 1.246402178e+00 1.390315042e-03 1.245329058e-03 9.683514166e+03 9.684275136e+03 9.678290849e+03
7 57 9.685401312e+03 1.201978098e+00 2.576407352e-03 2.349991290e-03 9.685615690e+03 1.487163025e+00 1.469147742e-03 1.204720172e-03 9.682195072e+03 9.684354852e+03 9.678294450e+03
7 58 9.685075599e+03 1.129966917e+00 2.524773521e-03 2.375141908e-03 9.685236120e+03 1.159127289e+00 1.431880691e-03 1.329968232e-03 9.684247348e+03 9.685522531e+03 9.678303198e+03
7 59 9.685223548e+03 1.108069062e+00 2.529687166e-03 2.403163963e-03 9.685317668e+03 1.375059558e+00 1.426001628e-03 1.216071937e-03 9.686696419e+03 9.685180552e+03 9.676749316e+03
7 61 9.685637105e+03 1.246500203e+00 2.577073313e-03 2.308238055e-03 9.685836443e+03 1.631380618e+00 1.540868820e-03 1.206390804e-03 9.685579925e+03 9.684967395e+03 9.678314810e+03
7 62 9.685156959e+03 1.195911308e+00 2.568957953e-03 2.349132482e-03 9.685306834e+03 1.391173604e+00 1.467824005e-03 1.244466819e-03 9.685211330e+03 9.683333958e+03 9.676684739e+03
7 63 9.685545518e+03 1.280799325e+00 2.565988208e-03 2.267326746e-03 9.685690935e+03 1.510034005e+00 1.477101091e-03 1.202034286e-03 9.682623609e+03 9.683922608e+03 9.676695410e+03
7 64 9.685282457e+03 1.254841207e+00 2.563403984e-03 2.288351155e-03 9.685472101e+03 1.429948046e+00 1.477278065e-03 1.235384420e-03 9.683327352e+03 9.685303812e+03 9.676713052e+03
7 66 9.685000586e+03 1.130047823e+00 2.495423334e-03 2.347447133e-03 9.685171179e+03 1.104385448e+00 1.331527044e-03 1.267038040e-03 9.683070262e+03 9.684100566e+03 9.676699523e+03
7 67 9.685102642e+03 1.251587651e+00 2.555615177e-03 2.284361457e-03 9.685305276e+03 1.458480076e+00 1.418111224e-03 1.174248581e-03 9.683613563e+03 9.684353999e+03 9.676699942e+03
7 68 9.685197246e+03 1.120504951e+00 2.537534654e-03 2.397204542e-03 9.685368919e+03 1.163512539e+00 1.402104140e-03 1.299854487e-03 9.685958792e+03 9.686090637e+03 9.678300229e+03
7 69 9.685343342e+03 1.153068764e+00 2.530899061e-03 2.356932912e-03 9.685458627e+03 1.079411393e+00 1.363539618e-03 1.312424297e-03 9.682676947e+03 9.683445717e+03 9.678320028e+03
7 71 9.684826206e+03 1.086445853e+00 2.469236894e-03 2.368965381e-03 9.685034912e+03 9.931481473e-01 1.293200669e-03 1.297653977e-03 9.684879009e+03 9.683980250e+03 9.676704225e+03
7 72 9.684792902e+03 1.144083436e+00 2.509400749e-03 2.346071124e-03 9.684881957e+03 1.170770993e+00 1.343480630e-03 1.241639248e-03 9.685497365e+03 9.685606433e+03 9.676679396e+03
7 73 9.685441808e+03 1.090693536e+00 2.524258535e-03 2.417032354e-03 9.685641686e+03 1.338918908e+00 1.439794078e-03 1.244294684e-03 9.683913196e+03 9.684192659e+03 9.678330387e+03
7 74 9.684818964e+03 1.182473759e+00 2.527272305e-03 2.324107875e-03 9.684914005e+03 1.291512618e+00 1.386722922e-03 1.220226262e-03 9.681966301e+03 9.684325119e+03 9.676665882e+03
7 76 9.685182928e+03 1.135209813e+00 2.536391355e-03 2.380554869e-03 9.685311462e+03 1.176080936e+00 1.375493989e-03 1.268352857e-03 9.680892287e+03 9.684828759e+03 9.678281214e+03
7 77 9.684941042e+03 1.199292091e+00 2.586302913e-03 2.361657445e-03 9.685120073e+03 1.345699885e+00 1.441468614e-03 1.242599238e-03 9.683207069e+03 9.684520905e+03 9.678333376e+03
7 78 9.685091863e+03 1.197144522e+00 2.560237351e-03 2.339951942e-03 9.685232134e+03 1.380300535e+00 1.442756971e-03 1.228022582e-03 9.683430484e+03 9.683027874e+03 9.676691977e+03
7 79 9.685043033e+03 1.210195855e+00 2.526823761e-03 2.296926623e-03 9.685179057e+03 1.591112944e+00 1.405021026e-03 1.113864388e-03 9.685671978e+03 9.685296957e+03 9.676667825e+03
7 81 9.684960648e+03 1.094125166e+00 2.530740119e-03 2.419435486e-03 9.685081074e+03 1.055682781e+00 1.341339643e-03 1.305485466e-03 9.684574261e+03 9.684022828e+03 9.676668609e+03
7 82 9.685203426e+03 1.255676031e+00 2.579530405e-03 2.301981606e-03 9.685348424e+03 1.454802279e+00 1.390551675e-03 1.152882763e-03 9.683808342e+03 9.686061722e+03 9.678251516e+03
7 83 9.685110632e+03 1.104800588e+00 2.520029541e-03 2.397527976e-03 9.685260307e+03 1.031866635e+00 1.354111694e-03 1.333038534e-03 9.684220222e+03 9.684075834e+03 9.678301814e+03
7 84 9.685540551e+03 1.253644866e+00 2.603132995e-03 2.324925782e-03 9.685765868e+03 1.511110423e+00 1.502831845e-03 1.222537779e-03 9.685758465e+03 9.686020912e+03 9.678324932e+03
7 86 9.685195450e+03 1.168394544e+00 2.535934739e-03 2.346082677e-03 9.685320261e+03 1.380284827e+00 1.402182601e-03 1.193493936e-03 9.689066734e+03 9.684586704e+03 9.677323976e+03
7 87 9.685132457e+03 1.230602606e+00 2.503968051e-03 2.257199098e-03 9.685246848e+03 1.467029850e+00 1.398347700e-03 1.154504679e-03 9.687937122e+03 9.686061834e+03 9.676697817e+03
7 88 9.684895525e+03 1.223059666e+00 2.536148375e-03 2.293247009e-03 9.685030012e+03 1.390603859e+00 1.419147507e-03 1.203443827e-03 9.683400429e+03 9.683897232e+03 9.678331000e+03
7 89 9.684915256e+03 1.055811801e+00 2.495671881e-03 2.428813844e-03 9.685030641e+03 1.015834004e+00 1.343117214e-03 1.332608387e-03 9.685067196e+03 9.684598754e+03 9.676668876e+03
7 91 9.685459285e+03 1.317663636e+00 2.598707358e-03 2.263888826e-03 9.685592952e+03 1.574426327e+00 1.429717529e-03 1.139433727e-03 9.685682003e+03 9.685059077e+03 9.676679027e+03
7 92 9.685101708e+03 1.229436751e+00 2.549950060e-03 2.299739154e-03 9.685253085e+03 1.255868338e+00 1.394195721e-03 1.244089686e-03 9.684320014e+03 9.684459845e+03 9.678250834e+03
7 93 9.684884931e+03 1.180266584e+00 2.517101619e-03 2.316918158e-03 9.685041336e+03 1.357129174e+00 1.419602662e-03 1.218586077e-03 9.684801697e+03 9.684245061e+03 9.676677428e+03
7 94 9.685078451e+03 1.140503831e+00 2.556908622e-03 2.394235320e-03 9.685222670e+03 1.128103514e+00 1.428474489e-03 1.344924834e-03 9.686345233e+03 9.684245706e+03 9.678298596e+03
7 96 9.685282786e+03 1.146410934e+00 2.509800145e-03 2.344061384e-03 9.685454010e+03 1.223211572e+00 1.382501293e-03 1.250013650e-03 9.687672027e+03 9.685708287e+03 9.678308119e+03
7 97 9.684523639e+03 1.155266423e+00 2.493089260e-03 2.319512687e-03 9.684728755e+03 1.129916237e+00 1.325066986e-03 1.246564368e-03 9.682071478e+03 9.683612362e+03 9.676666456e+03
7 98 9.685201961e+03 1.199379271e+00 2.574972329e-03 2.351225576e-03 9.685360440e+03 1.404903460e+00 1.484253284e-03 1.252231942e-03 9.681139092e+03 9.683483197e+03 9.678308942e+03
7 99 9.684855939e+03 1.318227855e+00 2.550734562e-03 2.221621269e-03 9.685048976e+03 1.494318432e+00 1.434115350e-03 1.173174211e-03 9.685154038e+03 9.684925790e+03 9.676711683e+03
7 101 9.684696565e+03 1.236727204e+00 2.578267028e-03 2.318413717e-03 9.684903647e+03 1.207470973e+00 1.450403383e-03 1.319928646e-03 9.681728010e+03 9.684863406e+03 9.676687385e+03
7 102 9.685463035e+03 1.291509823e+00 2.569973909e-03 2.261412860e-03 9.685597449e+03 1.608094041e+00 1.435307971e-03 1.131851304e-03 9.686051943e+03 9.685556077e+03 9.678326985e+03
7 103 9.684651380e+03 1.177444515e+00 2.503802732e-03 2.307437165e-03 9.684754747e+03 1.236399606e+00 1.379598862e-03 1.240718902e-03 9.684767718e+03 9.684567685e+03 9.676667468e+03
7 104 9.685458872e+03 1.237034661e+00 2.565225939e-03 2.306400314e-03 9.685554849e+03 1.396462185e+00 1.460084715e-03 1.235558932e-03 9.683159139e+03 9.686155079e+03 9.678306901e+03
7 106 9.685243509e+03 1.218509921e+00 2.570845508e-03 2.328956861e-03 9.685414768e+03 1.473304540e+00 1.501545676e-03 1.237064329e-03 9.678890951e+03 9.683942028e+03 9.678273234e+03
7 107 9.685054586e+03 1.248998007e+00 2.563402127e-03 2.293696056e-03 9.685166247e+03 1.293410803e+00 1.423197595e-03 1.251402330e-03 9.681969142e+03 9.683670799e+03 9.676674452e+03
7 108 9.685102012e+03 1.230010836e+00 2.488422003e-03 2.243724676e-03 9.685379191e+03 1.635638816e+00 1.431722516e-03 1.119476937e-03 9.683445714e+03 9.685071982e+03 9.678331973e+03
7 109 9.685176728e+03 1.121243277e+00 2.541347888e-03 2.400016316e-03 9.685422783e+03 1.221564809e+00 1.434746802e-03 1.298126480e-03 9.686480197e+03 9.684976689e+03 9.678297904e+03
7 111 9.685407657e+03 1.217729060e+00 2.488049817e-03 2.254673896e-03 9.685538442e+03 1.452954377e+00 1.380201714e-03 1.145029231e-03 9.684962990e+03 9.685819098e+03 9.676723265e+03
7 112 9.685049595e+03 1.184898934e+00 2.512128925e-03 2.307816477e-03 9.685212633e+03 1.314410772e+00 1.391047831e-03 1.213323219e-03 9.685030509e+03 9.683954092e+03 9.678303650e+03
7 113 9.685452163e+03 1.232488450e+00 2.546721343e-03 2.293981963e-03 9.685589760e+03 1.324731118e+00 1.384506008e-03 1.202904018e-03 9.683671195e+03 9.683697906e+03 9.676670359e+03
7 114 9.685010385e+03 1.269844547e+00 2.577970435e-03 2.287718864e-03 9.685135349e+03 1.479040332e+00 1.446700628e-03 1.189566325e-03 9.683093252e+03 9.682302224e+03 9.676667112e+03
7 116 9.685023373e+03 1.191538182e+00 2.518838125e-03 2.307524264e-03 9.685165859e+03 1.077112727e+00 1.330774905e-03 1.282253885e-03 9.683378645e+03 9.685045050e+03 9.676684362e+03
7 117 9.685219568e+03 1.138785145e+00 2.477444607e-03 2.321576806e-03 9.685408939e+03 1.184365261e+00 1.333336010e-03 1.225171197e-03 9.685353374e+03 9.684734056e+03 9.678318346e+03
7 118 9.685032352e+03 1.190728456e+00 2.524054754e-03 2.313089331e-03 9.685158409e+03 1.075266249e+00 1.341838370e-03 1.294023607e-03 9.684638973e+03 9.684541589e+03 9.676673112e+03
7 119 9.685148779e+03 1.180799836e+00 2.499225072e-03 2.299943816e-03 9.685235839e+03 1.181298415e+00 1.379009798e-03 1.268783556e-03 9.684284676e+03 9.684086977e+03 9.678302899e+03
7 121 9.684943477e+03 1.122994034e+00 2.501044091e-03 2.360112056e-03 9.685101090e+03 1.390774346e+00 1.388290314e-03 1.177204620e-03 9.682071184e+03 9.684197785e+03 9.678331061e+03
7 122 9.685290705e+03 1.255639859e+00 2.545578053e-03 2.271715134e-03 9.685472879e+03 1.485069728e+00 1.422833381e-03 1.167563804e-03 9.685369057e+03 9.685578196e+03 9.676671044e+03
7 123 9.685162431e+03 1.175960221e+00 2.531917874e-03 2.334819432e-03 9.685275716e+03 1.091183074e+00 1.340659171e-03 1.283422276e-03 9.684341302e+03 9.682131721e+03 9.676698373e+03
7 124 9.684952715e+03 1.180126079e+00 2.539671186e-03 2.337831940e-03 9.685092692e+03 1.220453776e+00 1.389321979e-03 1.257599160e-03 9.681283171e+03 9.683990980e+03 9.676693072e+03
7 126 9.685142883e+03 1.184365689e+00 2.525952572e-03 2.321038173e-03 9.685283425e+03 1.234173380e+00 1.397414273e-03 1.257873846e-03 9.682311853e+03 9.684653736e+03 9.678318305e+03
7 127 9.685542720e+03 1.179574873e+00 2.567573973e-03 2.364069327e-03 9.685699682e+03 1.316144846e+00 1.461338020e-03 1.273792947e-03 9.694039634e+03 9.684478713e+03 9.678327497e+03
7 128 9.685247718e+03 1.085245087e+00 2.513061118e-03 2.412343436e-03 9.685342861e+03 1.326424052e+00 1.409112871e-03 1.223501729e-03 9.683872787e+03 9.683668576e+03 9.678282759e+03
7 129 9.684883234e+03 1.215553053e+00 2.515050212e-03 2.281180764e-03 9.685002591e+03 1.236087615e+00 1.360414608e-03 1.223620260e-03 9.683959562e+03 9.684525786e+03 9.676690120e+03
7 131 9.685234220e+03 1.176173631e+00 2.515377127e-03 2.319355862e-03 9.685336263e+03 1.198227537e+00 1.393856391e-03 1.273351730e-03 9.684381614e+03 9.685483896e+03 9.678258982e+03
7 132 9.685194890e+03 1.178944452e+00 2.504008403e-03 2.306158276e-03 9.685270769e+03 1.284280297e+00 1.373664785e-03 1.212134619e-03 9.685036316e+03 9.685280334e+03 9.678307104e+03
7 133 9.685139142e+03 1.174097689e+00 2.487952154e-03 2.296095289e-03 9.685260094e+03 1.301670347e+00 1.385152102e-03 1.214079035e-03 9.686381472e+03 9.685080786e+03 9.678323692e+03
7 134 9.685100215e+03 1.214936154e+00 2.503057475e-03 2.270879522e-03 9.685256852e+03 1.513151442e+00 1.395641732e-03 1.134573796e-03 9.684081771e+03 9.683953048e+03 9.678275295e+03
7 136 9.685000508e+03 1.171827013e+00 2.495155307e-03 2.304972935e-03 9.685168039e+03 1.208046024e+00 1.376650464e-03 1.252512144e-03 9.681938138e+03 9.683341801e+03 9.676686233e+03
7 137 9.685292587e+03 1.181267273e+00 2.541399956e-03 2.338293014e-03 9.685441402e+03 1.495612212e+00 1.479377646e-03 1.209677355e-03 9.683505748e+03 9.684484215e+03 9.678331585e+03
7 138 9.684838207e+03 1.148483602e+00 2.546844250e-03 2.376511869e-03 9.684977851e+03 1.193695771e+00 1.423621681e-03 1.303010051e-03 9.682956399e+03 9.683698216e+03 9.676687879e+03
7 139 9.685650103e+03 1.243302726e+00 2.564784384e-03 2.300183150e-03 9.685798591e+03 1.436220134e+00 1.471734077e-03 1.228057892e-03 9.682832066e+03 9.683536876e+03 9.678298154e+03
7 141 9.685394904e+03 1.188722572e+00 2.526051160e-03 2.316871180e-03 9.685487947e+03 1.480376572e+00 1.445692178e-03 1.188200496e-03 9.683038548e+03 9.682687477e+03 9.676672124e+03
7 142 9.684929790e+03 1.211083555e+00 2.553441373e-03 2.320271670e-03 9.685111793e+03 1.267371981e+00 1.409861464e-03 1.252346163e-03 9.685833534e+03 9.685481576e+03 9.676674805e+03
7 143 9.685111381e+03 1.218577562e+00 2.516168139e-03 2.279360775e-03 9.685227899e+03 1.384595157e+00 1.410422903e-03 1.198637740e-03 9.686053213e+03 9.685621275e+03 9.678313222e+03
7 144 9.685060221e+03 1.231687659e+00 2.575297380e-03 2.320476053e-03 9.685202682e+03 1.175469975e+00 1.385388549e-03 1.277808649e-03 9.684961201e+03 9.685551258e+03 9.678282698e+03
7 146 9.684589376e+03 1.192804810e+00 2.516005331e-03 2.303705007e-03 9.684745637e+03 1.291050627e+00 1.396060529e-03 1.228662524e-03 9.689085948e+03 9.685079108e+03 9.676667683e+03
7 147 9.684969533e+03 1.150217262e+00 2.509639942e-03 2.340030280e-03 9.685100325e+03 1.144426545e+00 1.387372002e-03 1.296877527e-03 9.687037543e+03 9.684092928e+03 9.678326621e+03
7 148 9.684912888e+03 1.145280346e+00 2.468559042e-03 2.306681407e-03 9.685074607e+03 1.193855635e+00 1.330606284e-03 1.217793533e-03 9.691213895e+03 9.684535033e+03 9.676674792e+03
7 149 9.685998264e+03 1.245664646e+00 2.522355236e-03 2.259985648e-03 9.686054152e+03 1.421793739e+00 1.413502340e-03 1.185436330e-03 9.685627513e+03 9.685837626e+03 9.678332516e+03
7 151 9.685049304e+03 1.128100949e+00 2.459209254e-03 2.315375866e-03 9.685106708e+03 1.164180380e+00 1.332146700e-03 1.234644470e-03 9.684132686e+03 9.684922304e+03 9.678303753e+03
7 152 9.685221336e+03 1.109849131e+00 2.484179730e-03 2.358039309e-03 9.685349603e+03 1.089732944e+00 1.313605914e-03 1.258360435e-03 9.683373577e+03 9.683801900e+03 9.676704567e+03
7 153 9.685346913e+03 1.156933096e+00 2.480899770e-03 2.306508696e-03 9.685542797e+03 1.380002551e+00 1.382863317e-03 1.177170342e-03 9.682604738e+03 9.685700364e+03 9.678287352e+03
7 154 9.685176675e+03 1.231552415e+00 2.531135008e-03 2.280808698e-03 9.685374280e+03 1.614674759e+00 1.459677838e-03 1.148720803e-03 9.684508634e+03 9.686714838e+03 9.676696289e+03
7 156 9.684722895e+03 1.233238528e+00 2.483639765e-03 2.236480226e-03 9.684815764e+03 1.358329862e+00 1.404906163e-03 1.205437488e-03 9.682700893e+03 9.683389237e+03 9.676707630e+03
7 157 9.685204843e+03 1.234614245e+00 2.552722282e-03 2.297406934e-03 9.685335655e+03 1.460213702e+00 1.499423683e-03 1.240841061e-03 9.682871002e+03 9.682173314e+03 9.678293566e+03
7 158 9.685083707e+03 1.222021812e+00 2.540347905e-03 2.298019551e-03 9.685258001e+03 1.550289768e+00 1.487515780e-03 1.194689760e-03 9.684307642e+03 9.684867933e+03 9.678288490e+03
7 159 9.685301788e+03 1.240048897e+00 2.545715150e-03 2.286074619e-03 9.685429013e+03 1.456594367e+00 1.427787245e-03 1.183025715e-03 9.685885352e+03 9.685616289e+03 9.678291503e+03
7 161 9.685000595e+03 1.178748221e+00 2.508396841e-03 2.310392255e-03 9.685057195e+03 1.314197547e+00 1.439436834e-03 1.255631741e-03 9.684168169e+03 9.684842567e+03 9.678306356e+03
7 162 9.684961949e+03 1.253632024e+00 2.506611829e-03 2.238731685e-03 9.685060117e+03 1.444760750e+00 1.379591669e-03 1.147763992e-03 9.681778849e+03 9.684356306e+03 9.676689202e+03
7 163 9.685266632e+03 1.350980392e+00 2.539973601e-03 2.185267868e-03 9.685461164e+03 1.816470473e+00 1.477135488e-03 1.095988912e-03 9.684801748e+03 9.683766246e+03 9.678276606e+03
7 164 9.684684909e+03 1.277337584e+00 2.516444898e-03 2.226560907e-03 9.684861277e+03 1.246977190e+00 1.377210460e-03 1.233306606e-03 9.683350738e+03 9.684522086e+03 9.676671323e+03
7 166 9.685281977e+03 1.157924971e+00 2.517426435e-03 2.339465142e-03 9.685494865e+03 1.247786716e+00 1.423543690e-03 1.274384914e-03 9.683258507e+03 9.684912653e+03 9.678329600e+03
7 167 9.684977791e+03 1.198071539e+00 2.483699624e-03 2.269121214e-03 9.685088254e+03 1.384807528e+00 1.397320081e-03 1.187411341e-03 9.684299198e+03 9.684056200e+03 9.676674128e+03
7 168 9.684485813e+03 1.174540201e+00 2.462573208e-03 2.272245265e-03 9.684713180e+03 1.134094649e+00 1.299424322e-03 1.220186852e-03 9.681403847e+03 9.683751900e+03 9.678316351e+03
7 169 9.684826038e+03 1.201307389e+00 2.463096722e-03 2.247265539e-03 9.684960739e+03 1.267637345e+00 1.370956198e-03 1.217660075e-03 9.684820361e+03 9.683000491e+03 9.676688118e+03
7 171 9.684474433e+03 1.163340729e+00 2.492032709e-03 2.310469669e-03 9.684676643e+03 1.224787846e+00 1.373908308e-03 1.241444520e-03 9.680950199e+03 9.684204502e+03 9.676677023e+03
7 172 9.684874248e+03 1.148528852e+00 2.437454932e-03 2.274393679e-03 9.685004980e+03 1.260587153e+00 1.346971466e-03 1.199698063e-03 9.685692233e+03 9.685464119e+03 9.678305483e+03
7 173 9.684831492e+03 1.219856289e+00 2.492074173e-03 2.256350843e-03 9.684989170e+03 1.344552306e+00 1.394039959e-03 1.202226708e-03 9.685889622e+03 9.686048775e+03 9.676696908e+03
7 174 9.685530544e+03 1.146019971e+00 2.505200596e-03 2.340164643e-03 9.685693345e+03 1.335031231e+00 1.430308844e-03 1.237895862e-03 9.681933597e+03 9.685770912e+03 9.676690130e+03
7 176 9.685278689e+03 1.182390110e+00 2.481828703e-03 2.282398162e-03 9.685459679e+03 1.271559121e+00 1.371850012e-03 1.216573502e-03 9.683940057e+03 9.683175233e+03 9.676667268e+03
7 177 9.685131165e+03 1.112646151e+00 2.473268173e-03 2.344729103e-03 9.685362222e+03 1.319894716e+00 1.400408337e-03 1.218947616e-03 9.685513883e+03 9.685684111e+03 9.676698521e+03
7 178 9.685086710e+03 1.137028573e+00 2.488550690e-03 2.333784775e-03 9.685221941e+03 1.195646504e+00 1.380519584e-03 1.262528448e-03 9.685937253e+03 9.684719921e+03 9.676664937e+03
7 179 9.684893107e+03 1.144051880e+00 2.505741644e-03 2.342682489e-03 9.685007420e+03 1.119403709e+00 1.370947466e-03 1.295768573e-03 9.682719538e+03 9.686178206e+03 9.678284015e+03
7 181 9.684846492e+03 1.073615254e+00 2.451579629e-03 2.366037738e-03 9.684941825e+03 1.023701228e+00 1.355001131e-03 1.339223451e-03 9.683751671e+03 9.685326658e+03 9.678332636e+03
7 182 9.684852878e+03 1.098258555e+00 2.457565461e-03 2.345053728e-03 9.684999284e+03 1.133482853e+00 1.368838291e-03 1.285714873e-03 9.685128163e+03 9.685140141e+03 9.678266782e+03
7 183 9.684954617e+03 1.099406482e+00 2.476920572e-03 2.362288488e-03 9.685089252e+03 1.075440881e+00 1.312514029e-03 1.265641432e-03 9.683666892e+03 9.683472973e+03 9.676666648e+03
7 184 9.685291126e+03 1.247404157e+00 2.509879282e-03 2.247238881e-03 9.685436257e+03 1.282765050e+00 1.344655336e-03 1.187236993e-03 9.683833927e+03 9.686163806e+03 9.678307404e+03
7 186 9.685441244e+03 1.161106270e+00 2.478700010e-03 2.300318559e-03 9.685561710e+03 1.253819904e+00 1.345600858e-03 1.201707234e-03 9.684202666e+03 9.684923125e+03 9.678239196e+03
7 187 9.685145951e+03 1.232904123e+00 2.552477510e-03 2.298779269e-03 9.685339082e+03 1.355996216e+00 1.472008521e-03 1.264098992e-03 9.684592365e+03 9.683955864e+03 9.676693899e+03
7 188 9.685082876e+03 1.100490864e+00 2.494452012e-03 2.377836190e-03 9.685183878e+03 1.045968822e+00 1.372774433e-03 1.342269779e-03 9.685037856e+03 9.684242156e+03 9.676668982e+03
7 189 9.685143516e+03 1.235857655e+00 2.494061143e-03 2.243483450e-03 9.685303760e+03 1.347743548e+00 1.385053806e-03 1.193062003e-03 9.686347201e+03 9.685466833e+03 9.678315067e+03
7 191 9.685505143e+03 1.256381909e+00 2.511579202e-03 2.240712005e-03 9.685688364e+03 1.570719332e+00 1.434184477e-03 1.144341697e-03 9.684253220e+03 9.685136117e+03 9.678316525e+03
7 192 9.685031944e+03 1.137238120e+00 2.466024503e-03 2.312446443e-03 9.685157037e+03 1.120825470e+00 1.340304265e-03 1.266002035e-03 9.682840551e+03 9.683854599e+03 9.676674775e+03
7 193 9.685217748e+03 1.181400983e+00 2.491047990e-03 2.291835437e-03 9.685318561e+03 1.249238223e+00 1.378710973e-03 1.233532510e-03 9.683909791e+03 9.684457039e+03 9.678315353e+03
7 194 9.684620194e+03 1.207128958e+00 2.545970990e-03 2.317269880e-03 9.684786144e+03 1.364455714e+00 1.445343707e-03 1.237346727e-03 9.683496564e+03 9.684596158e+03 9.676669892e+03
7 196 9.684897651e+03 1.157424198e+00 2.489009103e-03 2.313557011e-03 9.685079673e+03 1.265864226e+00 1.403356868e-03 1.247310451e-03 9.685129505e+03 9.684003444e+03 9.676671508e+03
7 197 9.684937675e+03 1.227543784e+00 2.520751621e-03 2.275157987e-03 9.685056455e+03 1.416161868e+00 1.411118511e-03 1.185787972e-03 9.683140972e+03 9.684002635e+03 9.676675681e+03
7 198 9.685317151e+03 1.246986880e+00 2.521254776e-03 2.257801680e-03 9.685476307e+03 1.383415241e+00 1.442922324e-03 1.226779965e-03 9.684943921e+03 9.684025939e+03 9.676681169e+03
7 199 9.684931324e+03 1.287232724e+00 2.530698923e-03 2.230549905e-03 9.685072303e+03 1.300641266e+00 1.377839373e-03 1.208147129e-03 9.685788572e+03 9.686484528e+03 9.676699122e+03
