10011.3195309 -0.381335359589 3.51265341747 -10.656489488 0.00361734935528 1.33672412449 0.00277480286815 1 /Users/zac/Research/muon_g2_2015/nmr/candella-lab-pulse-data/06_22_15/run-8/3.dat
10011.8918196 -0.342275738285 3.18109153889 -9.4468245363 0.0012354309245 1.30430334594 0.00274094641914 1 /Users/zac/Research/muon_g2_2015/nmr/candella-lab-pulse-data/06_22_15/run-8/2.dat
10011.1854682 -0.337522518524 2.66643361873 -5.91074093081 0.00271658993969 1.31196901995 0.00274898918785 1 /Users/zac/Research/muon_g2_2015/nmr/candella-lab-pulse-data/06_22_15/run-8/5.dat
10010.9988439 -0.403659542845 3.61486087079 -10.6613877909 0.00485374843418 1.33447098569 0.00277246332304 1 /Users/zac/Research/muon_g2_2015/nmr/candella-lab-pulse-data/06_22_15/run-8/4.dat
10011.0603125 -0.396134009437 3.52404189867 -10.1077290044 0.00456964504181 1.37494293807 0.0028141910602 1 /Users/zac/Research/muon_g2_2015/nmr/candella-lab-pulse-data/06_22_15/run-8/7.dat
10011.0703799 -0.39638839553 3.58786115156 -10.6515130658 0.00468062003717 1.28528347205 0.00272088823714 1 /Users/zac/Research/muon_g2_2015/nmr/candella-lab-pulse-data/06_22_15/run-8/6.dat
10011.3281161 -0.339985019619 2.93418446919 -8.14122516343 0.00277612075931 1.2782715723 0.00271345614603 1 /Users/zac/Research/muon_g2_2015/nmr/candella-lab-pulse-data/06_22_15/run-8/8.dat
10011.0224969 -0.338763325516 2.57828517034 -5.23768969014 0.00317190758246 1.21839575058 0.00264914316777 1 /Users/zac/Research/muon_g2_2015/nmr/candella-lab-pulse-data/06_22_15/run-8/10.dat
10010.8306566 -0.463041062304 4.55982805052 -14.8946222904 0.00572213396636 1.33035736106 0.00276818684335 1 /Users/zac/Research/muon_g2_2015/nmr/candella-lab-pulse-data/06_22_15/run-8/11.dat
10011.1022429 -0.298745354409 2.27130495607 -4.84286175499 0.00145676414818 1.32469670772 0.00276229126568 1 /Users/zac/Research/muon_g2_2015/nmr/candella-lab-pulse-data/06_22_15/run-8/9.dat
10010.7728343 -0.46979872022 4.50222871912 -14.249254939 0.00653344541374 1.30162562899 0.00273813141083 1 /Users/zac/Research/muon_g2_2015/nmr/candella-lab-pulse-data/06_22_15/run-8/12.dat
10011.4043426 -0.367249397455 3.18894466752 -8.39118738831 0.0028128111452 1.29274517136 0.00272877485092 1 /Users/zac/Research/muon_g2_2015/nmr/candella-lab-pulse-data/06_22_15/run-8/14.dat
10011.0753785 -0.459106686747 4.42785032424 -13.7823103247 0.00539899298038 1.32229384336 0.00275978487164 1 /Users/zac/Research/muon_g2_2015/nmr/candella-lab-pulse-data/06_22_15/run-8/13.dat
10011.0092304 -0.419441645275 3.96825571237 -12.5367838024 0.00516778299384 1.35043461443 0.002788996841 1 /Users/zac/Research/muon_g2_2015/nmr/candella-lab-pulse-data/06_22_15/run-8/15.dat
10011.4295355 -0.315088704422 2.39256600434 -5.08538136756 0.00236565242932 1.28005116676 0.00271534430976 1 /Users/zac/Research/muon_g2_2015/nmr/candella-lab-pulse-data/06_22_15/run-9/2.dat
10010.5390992 -0.37411993408 3.31981174271 -9.27622808453 0.00332827264546 1.55496049374 0.0029927533216 10 /Users/zac/Research/muon_g2_2015/nmr/candella-lab-pulse-data/06_22_15/run-8/1.dat
10011.4255226 -0.433932853445 4.10473283455 -12.4681800638 0.00500630845879 1.29754133771 0.0027338321282 1 /Users/zac/Research/muon_g2_2015/nmr/candella-lab-pulse-data/06_22_15/run-9/4.dat
10010.9263509 -0.307265189304 2.25350840019 -4.2591365826 0.00205438891774 1.30856747347 0.00274542321823 1 /Users/zac/Research/muon_g2_2015/nmr/candella-lab-pulse-data/06_22_15/run-9/3.dat
10011.3170423 -0.405510196282 3.68041339291 -10.4881036206 0.00402194419217 1.38200948099 0.00282141358373 1 /Users/zac/Research/muon_g2_2015/nmr/candella-lab-pulse-data/06_22_15/run-9/6.dat
10010.1618138 -0.431717411511 4.11177580468 -13.0503199971 0.00535053501203 1.48391824241 0.00292358839036 10 /Users/zac/Research/muon_g2_2015/nmr/candella-lab-pulse-data/06_22_15/run-9/1.dat
10011.1761711 -0.433020750813 4.08095444321 -12.4273655297 0.00489501140797 1.36054860927 0.00279942136689 1 /Users/zac/Research/muon_g2_2015/nmr/candella-lab-pulse-data/06_22_15/run-9/8.dat
10011.229717 -0.334542515846 2.70983411274 -6.65556361118 0.00278773427032 1.32601186418 0.00276366212437 1 /Users/zac/Research/muon_g2_2015/nmr/candella-lab-pulse-data/06_22_15/run-9/7.dat
10011.0630737 -0.480260640168 4.7406548353 -15.8511977104 0.00665491306133 1.34921789691 0.00278774013964 1 /Users/zac/Research/muon_g2_2015/nmr/candella-lab-pulse-data/06_22_15/run-9/10.dat
10011.4814943 -0.361084453696 3.3802887497 -10.0867183028 0.00172639103374 1.35144882757 0.00279004395069 1 /Users/zac/Research/muon_g2_2015/nmr/candella-lab-pulse-data/06_22_15/run-9/5.dat
10011.3094678 -0.360906051125 3.19357209739 -8.92415515929 0.00265283389992 1.34391274265 0.00278225401386 1 /Users/zac/Research/muon_g2_2015/nmr/candella-lab-pulse-data/06_22_15/run-9/9.dat
10011.098512 -0.340707303147 3.0271211154 -8.46629555132 0.00172052948324 1.34104753025 0.0027792865585 1 /Users/zac/Research/muon_g2_2015/nmr/candella-lab-pulse-data/06_22_15/run-9/11.dat
10010.5536989 -0.498787735754 4.84052997641 -15.7671300041 0.00782420474478 1.21081141209 0.00264088502847 1 /Users/zac/Research/muon_g2_2015/nmr/candella-lab-pulse-data/06_22_15/run-9/13.dat
10011.4239159 -0.416041960581 3.90938220989 -12.1152992999 0.00492986509594 1.27202012062 0.00270681286659 1 /Users/zac/Research/muon_g2_2015/nmr/candella-lab-pulse-data/06_22_15/run-9/12.dat
10011.1116395 -0.357901220545 3.03104877923 -8.11557290294 0.00371384508659 1.37812618072 0.00281744685859 1 /Users/zac/Research/muon_g2_2015/nmr/candella-lab-pulse-data/06_22_15/run-9/15.dat
10011.5053367 -0.329701307835 2.92842558231 -8.19245330827 0.00140353070224 1.34704967732 0.00278549926249 1 /Users/zac/Research/muon_g2_2015/nmr/candella-lab-pulse-data/06_22_15/run-9/14.dat
10011.1535017 -0.43915422173 4.21211449651 -13.3226577919 0.00486008784459 1.33344193321 0.00277139415012 1 /Users/zac/Research/muon_g2_2015/nmr/candella-lab-pulse-data/06_22_15/run-10/3.dat
10011.3222686 -0.317696474802 2.4722285301 -5.82480374299 0.00280644204871 1.26760486044 0.00270211102587 1 /Users/zac/Research/muon_g2_2015/nmr/candella-lab-pulse-data/06_22_15/run-10/2.dat
10011.2942824 -0.344842883399 3.22688462817 -9.90082315923 0.00163389950679 1.26922023213 0.00270383219469 1 /Users/zac/Research/muon_g2_2015/nmr/candella-lab-pulse-data/06_22_15/run-10/5.dat
10011.7026854 -0.234818757878 1.66473885879 -2.6263930822 -0.00152832357015 1.23976029123 0.00267226856387 1 /Users/zac/Research/muon_g2_2015/nmr/candella-lab-pulse-data/06_22_15/run-10/6.dat
10010.3771741 -0.458301724837 4.50083051474 -14.8573227938 0.00601635419258 1.4676669187 0.00290753528813 10 /Users/zac/Research/muon_g2_2015/nmr/candella-lab-pulse-data/06_22_15/run-10/1.dat
10010.9202925 -0.477041100763 4.78420305988 -16.2310273451 0.00654815688304 1.3183724001 0.00275568957333 1 /Users/zac/Research/muon_g2_2015/nmr/candella-lab-pulse-data/06_22_15/run-10/7.dat
10010.9443666 -0.424264306942 4.15133818647 -13.4969186326 0.00464310235045 1.42981420557 0.00286979612936 10 /Users/zac/Research/muon_g2_2015/nmr/candella-lab-pulse-data/06_22_15/run-10/4.dat
10011.3024531 -0.38682377257 3.57058304657 -10.3251249718 0.0030074660731 1.2367221651 0.00266899225758 1 /Users/zac/Research/muon_g2_2015/nmr/candella-lab-pulse-data/06_22_15/run-10/9.dat
10011.4088279 -0.293829039235 2.1681227788 -4.1414171398 0.00141388096007 1.29821530781 0.00273454204081 1 /Users/zac/Research/muon_g2_2015/nmr/candella-lab-pulse-data/06_22_15/run-10/11.dat
10011.5347281 -0.374085951721 3.55990677443 -11.0690328993 0.00254536306545 1.4030393749 0.00284279911345 10 /Users/zac/Research/muon_g2_2015/nmr/candella-lab-pulse-data/06_22_15/run-10/8.dat
10011.1893098 -0.363526794263 2.89611030994 -6.70589236896 0.00397246427976 1.30621010472 0.00274294917984 1 /Users/zac/Research/muon_g2_2015/nmr/candella-lab-pulse-data/06_22_15/run-10/10.dat
10011.9356231 -0.288892506832 3.15183804136 -8.18522200539 -0.00805306524298 1.06178063944 0.00247302577487 1 /Users/zac/Research/muon_g2_2015/nmr/candella-lab-pulse-data/06_22_15/run-10/12.dat
10010.9894798 -0.462901583464 4.41286886228 -13.6695726307 0.00597910085604 1.29950200025 0.00273589684043 1 /Users/zac/Research/muon_g2_2015/nmr/candella-lab-pulse-data/06_22_15/run-10/13.dat
10011.2854535 -0.324144251637 2.60117369591 -6.27981307826 0.00267361859981 1.27961572017 0.00271488241885 1 /Users/zac/Research/muon_g2_2015/nmr/candella-lab-pulse-data/06_22_15/run-10/14.dat
10011.6369477 -0.339544938879 2.96400807147 -8.04894139619 0.00193271311516 1.37817023041 0.00281749188591 1 /Users/zac/Research/muon_g2_2015/nmr/candella-lab-pulse-data/06_22_15/run-11/2.dat
10010.9318353 -0.413865340474 3.72655690814 -11.0808183215 0.00539776909785 1.32607565354 0.00276372859818 1 /Users/zac/Research/muon_g2_2015/nmr/candella-lab-pulse-data/06_22_15/run-10/15.dat
10011.3079589 -0.360588669532 3.08077754027 -8.13562131621 0.00366192244226 1.28612015188 0.00272177370015 1 /Users/zac/Research/muon_g2_2015/nmr/candella-lab-pulse-data/06_22_15/run-11/4.dat
10011.7689625 -0.274417535946 2.03853226359 -3.7871483215 0.000142912576274 1.3649397348 0.00280393524754 1 /Users/zac/Research/muon_g2_2015/nmr/candella-lab-pulse-data/06_22_15/run-11/3.dat
10011.6340829 -0.348567066776 2.96919582605 -7.55439035866 0.0022385572533 1.30334623768 0.00273994057034 1 /Users/zac/Research/muon_g2_2015/nmr/candella-lab-pulse-data/06_22_15/run-11/5.dat
10011.7702287 -0.313507527745 2.66886892792 -7.10974418227 0.00115164552936 1.30065719456 0.00273711261016 1 /Users/zac/Research/muon_g2_2015/nmr/candella-lab-pulse-data/06_22_15/run-11/6.dat
10011.3466629 -0.355099932509 3.12773686287 -8.74534659119 0.00275386597188 1.27459526674 0.00270955139026 1 /Users/zac/Research/muon_g2_2015/nmr/candella-lab-pulse-data/06_22_15/run-11/7.dat
10011.2355946 -0.326472679895 2.69049720802 -6.7315883472 0.00226063412826 1.35449261634 0.0027931841096 1 /Users/zac/Research/muon_g2_2015/nmr/candella-lab-pulse-data/06_22_15/run-11/8.dat
10011.5459265 -0.360388744076 3.17003445801 -8.5595736127 0.00229492017613 1.34180567068 0.00278007206077 1 /Users/zac/Research/muon_g2_2015/nmr/candella-lab-pulse-data/06_22_15/run-11/9.dat
10010.5158887 -0.335716755951 2.92773925161 -8.40000195061 0.00256586786665 1.53613434128 0.00297458128243 10 /Users/zac/Research/muon_g2_2015/nmr/candella-lab-pulse-data/06_22_15/run-11/1.dat
10011.1714781 -0.395913902138 3.66081582333 -10.7750957939 0.00335868205036 1.25292472764 0.00268641888603 1 /Users/zac/Research/muon_g2_2015/nmr/candella-lab-pulse-data/06_22_15/run-11/11.dat
10011.5700148 -0.389200896278 3.59515722265 -10.2906321284 0.00275536027407 1.27972283206 0.00271499604284 1 /Users/zac/Research/muon_g2_2015/nmr/candella-lab-pulse-data/06_22_15/run-11/10.dat
10011.2735027 -0.32751483952 2.81561105706 -7.74704757027 0.0022134000077 1.39080577399 0.00283037828889 1 /Users/zac/Research/muon_g2_2015/nmr/candella-lab-pulse-data/06_22_15/run-11/12.dat
10011.5883524 -0.331034337068 3.08254347848 -9.39366351971 0.00126667890841 1.26208379832 0.00269622007231 1 /Users/zac/Research/muon_g2_2015/nmr/candella-lab-pulse-data/06_22_15/run-11/14.dat
10011.5003008 -0.375714533441 3.39916462899 -9.50930326358 0.00268966359775 1.24562719369 0.00267858407291 1 /Users/zac/Research/muon_g2_2015/nmr/candella-lab-pulse-data/06_22_15/run-11/15.dat
10011.662891 -0.350760720415 3.01905505415 -8.11335506282 0.00285637357728 1.23662599243 0.00266888847957 1 /Users/zac/Research/muon_g2_2015/nmr/candella-lab-pulse-data/06_22_15/run-12/2.dat
10011.158681 -0.391683548698 3.59635176326 -10.5276979001 0.00340838601742 1.40664330436 0.00284644786235 10 /Users/zac/Research/muon_g2_2015/nmr/candella-lab-pulse-data/06_22_15/run-11/13.dat
10011.1134636 -0.378787435136 3.62668437281 -11.3894696918 0.0025341087843 1.28924457823 0.00272507775496 1 /Users/zac/Research/muon_g2_2015/nmr/candella-lab-pulse-data/06_22_15/run-12/3.dat
10011.3137447 -0.341176244691 2.92365364987 -7.76253091469 0.00250039765465 1.25609701503 0.00268981761586 1 /Users/zac/Research/muon_g2_2015/nmr/candella-lab-pulse-data/06_22_15/run-12/5.dat
10011.5992905 -0.378679891409 3.65092150215 -11.6529831109 0.00269160877551 1.36107269387 0.00279996048484 1 /Users/zac/Research/muon_g2_2015/nmr/candella-lab-pulse-data/06_22_15/run-12/4.dat
10010.4071149 -0.374642127825 3.5370760429 -10.9331038391 0.00280417733533 1.51566482219 0.00295469615626 10 /Users/zac/Research/muon_g2_2015/nmr/candella-lab-pulse-data/06_22_15/run-12/1.dat
10011.5617196 -0.367592029815 3.26166993116 -8.92993018726 0.00254339497357 1.34908886285 0.00278760683203 1 /Users/zac/Research/muon_g2_2015/nmr/candella-lab-pulse-data/06_22_15/run-12/7.dat
10011.214606 -0.324974757661 2.65024284236 -7.09017182607 0.00316893620157 1.27355656046 0.00270844711749 1 /Users/zac/Research/muon_g2_2015/nmr/candella-lab-pulse-data/06_22_15/run-12/6.dat
10011.4698181 -0.292266969325 2.29644723797 -4.89530830403 0.000565743073351 1.24851243522 0.00268168447564 1 /Users/zac/Research/muon_g2_2015/nmr/candella-lab-pulse-data/06_22_15/run-12/8.dat
10011.1719225 -0.466594283383 4.54026555002 -14.1426696487 0.0054291509209 1.3223613158 0.00275985528226 1 /Users/zac/Research/muon_g2_2015/nmr/candella-lab-pulse-data/06_22_15/run-12/11.dat
10011.27826 -0.358874514541 3.04845023079 -7.74512329124 0.00291599446494 1.26950767762 0.00270413835132 1 /Users/zac/Research/muon_g2_2015/nmr/candella-lab-pulse-data/06_22_15/run-12/10.dat
10011.7840019 -0.287400948011 2.34114997659 -5.55527470077 5.23509958364e-05 1.18536369046 0.00261298581264 1 /Users/zac/Research/muon_g2_2015/nmr/candella-lab-pulse-data/06_22_15/run-12/9.dat
10011.6357139 -0.32767686001 2.7425851071 -7.23850126803 0.00217217286467 1.227757677 0.0026593014533 1 /Users/zac/Research/muon_g2_2015/nmr/candella-lab-pulse-data/06_22_15/run-12/14.dat
10011.2547855 -0.377760791146 3.25889598295 -8.76523045142 0.00414439778587 1.34738753301 0.00278584855837 1 /Users/zac/Research/muon_g2_2015/nmr/candella-lab-pulse-data/06_22_15/run-12/13.dat
10011.3010205 -0.42721850375 3.96384781063 -12.4103971991 0.00576283159372 1.30751595092 0.00274431992984 1 /Users/zac/Research/muon_g2_2015/nmr/candella-lab-pulse-data/06_22_15/run-12/12.dat
10011.5548702 -0.300147717221 2.40595924154 -5.84360107419 0.001467477431 1.32015593322 0.00275755293246 1 /Users/zac/Research/muon_g2_2015/nmr/candella-lab-pulse-data/06_22_15/run-12/15.dat
10011.1907142 -0.300477610515 2.4307117765 -5.56802362567 0.000766972284581 1.23159089092 0.00266344955494 1 /Users/zac/Research/muon_g2_2015/nmr/candella-lab-pulse-data/06_22_15/run-13/3.dat
10011.3626983 -0.38047561212 3.43567355497 -9.85381623203 0.00327418905676 1.34440836967 0.00278276700593 1 /Users/zac/Research/muon_g2_2015/nmr/candella-lab-pulse-data/06_22_15/run-13/4.dat
10010.6761824 -0.327557351839 2.76363347407 -7.02599683314 0.00164238428647 1.51520912078 0.00295425194181 10 /Users/zac/Research/muon_g2_2015/nmr/candella-lab-pulse-data/06_22_15/run-13/1.dat
10011.4005336 -0.332676208195 2.64660393768 -5.93207796565 0.00243233765281 1.40000911426 0.00283972753942 10 /Users/zac/Research/muon_g2_2015/nmr/candella-lab-pulse-data/06_22_15/run-13/2.dat
10011.0470379 -0.39841384222 3.724611985 -11.3802686837 0.00400967664604 1.26631354752 0.00270073435082 1 /Users/zac/Research/muon_g2_2015/nmr/candella-lab-pulse-data/06_22_15/run-13/5.dat
10011.6089936 -0.340602543797 2.87097627213 -7.63943745292 0.00268738211414 1.32191909464 0.00275939377131 1 /Users/zac/Research/muon_g2_2015/nmr/candella-lab-pulse-data/06_22_15/run-13/6.dat
10011.5214925 -0.346553268206 3.0541017186 -8.35268432717 0.00198377778046 1.34096449213 0.00277920050998 1 /Users/zac/Research/muon_g2_2015/nmr/candella-lab-pulse-data/06_22_15/run-13/7.dat
10011.6327078 -0.403678376849 3.9884789624 -12.7889344023 0.00313297338708 1.30324014402 0.00273982905116 1 /Users/zac/Research/muon_g2_2015/nmr/candella-lab-pulse-data/06_22_15/run-13/8.dat
10011.213684 -0.410729629769 3.78165549438 -10.7820466576 0.00378049638392 1.24522131534 0.00267814763902 1 /Users/zac/Research/muon_g2_2015/nmr/candella-lab-pulse-data/06_22_15/run-13/9.dat
10011.8874283 -0.229245732599 1.81712488496 -4.1829113142 -0.00211941068691 1.32720991711 0.00276491032812 1 /Users/zac/Research/muon_g2_2015/nmr/candella-lab-pulse-data/06_22_15/run-13/10.dat
10011.4952845 -0.315819989135 2.54972188269 -6.059901254 0.00171023197402 1.25682946168 0.00269060173554 1 /Users/zac/Research/muon_g2_2015/nmr/candella-lab-pulse-data/06_22_15/run-13/11.dat
10011.0150894 -0.415004244681 3.87032940473 -11.8576966259 0.00490771369455 1.18277204002 0.00261012776517 1 /Users/zac/Research/muon_g2_2015/nmr/candella-lab-pulse-data/06_22_15/run-13/12.dat
10011.4382533 -0.312953440536 2.57706665254 -6.49360741904 0.00151236099322 1.3193556263 0.0027567169618 1 /Users/zac/Research/muon_g2_2015/nmr/candella-lab-pulse-data/06_22_15/run-13/13.dat
10011.5848626 -0.33685786491 2.9898881321 -8.17539865475 0.00147382395985 1.29800905528 0.00273432480851 1 /Users/zac/Research/muon_g2_2015/nmr/candella-lab-pulse-data/06_22_15/run-13/14.dat
10011.2433337 -0.379238151799 3.54854747698 -10.8992696983 0.00341514732209 1.26272428634 0.00269690413054 1 /Users/zac/Research/muon_g2_2015/nmr/candella-lab-pulse-data/06_22_15/run-13/15.dat
10011.0467438 -0.483391260761 4.64609698223 -14.9492275306 0.00732673243824 1.29662790991 0.00273286969339 1 /Users/zac/Research/muon_g2_2015/nmr/candella-lab-pulse-data/06_22_15/run-14/3.dat
10011.4294415 -0.325993706266 2.96888676238 -8.77402124377 0.00139763585546 1.28298410217 0.00271845331549 1 /Users/zac/Research/muon_g2_2015/nmr/candella-lab-pulse-data/06_22_15/run-14/2.dat
10011.136788 -0.490976871449 4.87466607008 -16.1804349661 0.00655701315884 1.30969483996 0.00274660559203 1 /Users/zac/Research/muon_g2_2015/nmr/candella-lab-pulse-data/06_22_15/run-14/5.dat
10011.2326185 -0.440572047124 4.35186482058 -14.0307400145 0.00410078876804 1.30869475402 0.00274555673465 1 /Users/zac/Research/muon_g2_2015/nmr/candella-lab-pulse-data/06_22_15/run-14/4.dat
10010.7919199 -0.483254210078 4.69043213763 -15.1720226727 0.00696041077368 1.28889062955 0.00272470365842 1 /Users/zac/Research/muon_g2_2015/nmr/candella-lab-pulse-data/06_22_15/run-14/7.dat
10010.9621733 -0.385976158445 3.41212606706 -9.65269655359 0.00408924854688 1.33710376833 0.00277519687691 1 /Users/zac/Research/muon_g2_2015/nmr/candella-lab-pulse-data/06_22_15/run-14/6.dat
10010.4714758 -0.471691798117 4.55612555416 -14.3899524019 0.00603527359398 1.47781169847 0.00291756668873 10 /Users/zac/Research/muon_g2_2015/nmr/candella-lab-pulse-data/06_22_15/run-14/1.dat
10011.7172055 -0.223355644106 1.46503559963 -1.87296072249 -0.00106346539833 1.26245811906 0.00269661987788 1 /Users/zac/Research/muon_g2_2015/nmr/candella-lab-pulse-data/06_22_15/run-14/9.dat
10011.2176434 -0.35974733803 3.23522318099 -9.07329680253 0.00203039582589 1.24539287032 0.00267833211776 1 /Users/zac/Research/muon_g2_2015/nmr/candella-lab-pulse-data/06_22_15/run-14/8.dat
10011.5798279 -0.314501702006 2.82735932537 -8.18607991702 0.000922206785617 1.38399828353 0.00282344295376 1 /Users/zac/Research/muon_g2_2015/nmr/candella-lab-pulse-data/06_22_15/run-14/10.dat
10011.219073 -0.396105194808 3.51834510439 -9.8653745571 0.00409244843703 1.26332579024 0.00269754639475 1 /Users/zac/Research/muon_g2_2015/nmr/candella-lab-pulse-data/06_22_15/run-14/11.dat
10011.3821968 -0.353612119217 2.87909838365 -6.83810054066 0.00317986399647 1.31605529611 0.00275326687874 1 /Users/zac/Research/muon_g2_2015/nmr/candella-lab-pulse-data/06_22_15/run-14/13.dat
10011.1319707 -0.432595970313 4.08774721322 -12.3790585392 0.0044894344083 1.33243763841 0.00277035030226 1 /Users/zac/Research/muon_g2_2015/nmr/candella-lab-pulse-data/06_22_15/run-14/14.dat
10011.0925978 -0.400336774338 3.69829564213 -11.1722224674 0.00418513469442 1.3077423958 0.00274455755993 1 /Users/zac/Research/muon_g2_2015/nmr/candella-lab-pulse-data/06_22_15/run-14/15.dat
10011.3172289 -0.393241505996 3.6285184859 -10.6845231884 0.00354980095339 1.3283937921 0.00276614320716 1 /Users/zac/Research/muon_g2_2015/nmr/candella-lab-pulse-data/06_22_15/run-15/2.dat
10011.1841581 -0.43443553002 4.3700446539 -14.6166314087 0.00443284526458 1.28733742132 0.00272306142913 1 /Users/zac/Research/muon_g2_2015/nmr/candella-lab-pulse-data/06_22_15/run-15/3.dat
10010.7089504 -0.359688017899 3.21740489806 -9.36024201756 0.00305562457537 1.49530004663 0.00293477908344 10 /Users/zac/Research/muon_g2_2015/nmr/candella-lab-pulse-data/06_22_15/run-15/1.dat
10011.3536809 -0.360461980134 3.06720467082 -8.14500017498 0.00367378950131 1.4420840239 0.00288208327043 10 /Users/zac/Research/muon_g2_2015/nmr/candella-lab-pulse-data/06_22_15/run-14/12.dat
10011.6999576 -0.354925145175 3.3120240955 -10.0352572633 0.00211608270657 1.36364262678 0.0028026026351 1 /Users/zac/Research/muon_g2_2015/nmr/candella-lab-pulse-data/06_22_15/run-15/4.dat
10011.3329628 -0.287094096282 2.01691993861 -3.31579472979 0.00140437376092 1.38345492699 0.00282288865871 1 /Users/zac/Research/muon_g2_2015/nmr/candella-lab-pulse-data/06_22_15/run-15/7.dat
10011.4563189 -0.374109903902 3.36858844728 -9.73895751223 0.0031049069673 1.30098514171 0.00273745765561 1 /Users/zac/Research/muon_g2_2015/nmr/candella-lab-pulse-data/06_22_15/run-15/6.dat
10011.3250691 -0.385906752019 3.36177285098 -9.38948449087 0.00442946047744 1.28721784835 0.00272293496185 1 /Users/zac/Research/muon_g2_2015/nmr/candella-lab-pulse-data/06_22_15/run-15/5.dat
10011.1789551 -0.513713781095 5.19966896941 -17.5869435741 0.00719187403156 1.32979424034 0.00276760091493 1 /Users/zac/Research/muon_g2_2015/nmr/candella-lab-pulse-data/06_22_15/run-15/10.dat
10011.0043408 -0.488082278699 4.84759520794 -15.9105675845 0.00629385089805 1.30423699639 0.00274087670267 1 /Users/zac/Research/muon_g2_2015/nmr/candella-lab-pulse-data/06_22_15/run-15/9.dat
10011.0787714 -0.451812546162 4.14747671568 -12.5456641387 0.00657434399314 1.33710712076 0.00277520035594 1 /Users/zac/Research/muon_g2_2015/nmr/candella-lab-pulse-data/06_22_15/run-15/8.dat
10011.5438026 -0.294223686244 2.28013184795 -5.34217870095 0.00167820545903 1.32550374147 0.00276313256122 1 /Users/zac/Research/muon_g2_2015/nmr/candella-lab-pulse-data/06_22_15/run-15/12.dat
10011.1775341 -0.343826260254 2.74518516762 -6.37610341094 0.00296592513868 1.24092416338 0.00267352261652 1 /Users/zac/Research/muon_g2_2015/nmr/candella-lab-pulse-data/06_22_15/run-15/11.dat
10011.1272695 -0.442863566607 4.337935966 -13.9140431469 0.00464429043692 1.30636042833 0.00274310700979 1 /Users/zac/Research/muon_g2_2015/nmr/candella-lab-pulse-data/06_22_15/run-15/15.dat
10011.1960345 -0.342781598799 2.99748061831 -8.70501371908 0.00299748483936 1.28942921604 0.00272527288256 1 /Users/zac/Research/muon_g2_2015/nmr/candella-lab-pulse-data/06_22_15/run-15/13.dat
10011.4229016 -0.447326118639 4.36763751653 -14.3323655724 0.00543984602804 1.34746108007 0.00278592459001 1 /Users/zac/Research/muon_g2_2015/nmr/candella-lab-pulse-data/06_22_15/run-15/14.dat
10011.8854244 -0.362430943981 3.32260444451 -9.75148240689 0.00263917821528 1.24241402945 0.0026751270642 1 /Users/zac/Research/muon_g2_2015/nmr/candella-lab-pulse-data/06_22_15/run-16/2.dat
10011.221087 -0.430451750509 4.15317773761 -13.0053135259 0.00439848488408 1.3649919061 0.00280398883363 1 /Users/zac/Research/muon_g2_2015/nmr/candella-lab-pulse-data/06_22_15/run-16/3.dat
10011.4607533 -0.389827863214 3.63168401078 -11.3883917889 0.00404558182221 1.24618360399 0.00267918225564 1 /Users/zac/Research/muon_g2_2015/nmr/candella-lab-pulse-data/06_22_15/run-16/4.dat
10011.5346731 -0.252617442641 1.71689200826 -2.58425538769 0.00014748388681 1.34803503783 0.00278651786607 1 /Users/zac/Research/muon_g2_2015/nmr/candella-lab-pulse-data/06_22_15/run-16/5.dat
10011.3805771 -0.314443676181 2.69187396833 -7.45350034993 0.00206315761315 1.3364802224 0.00277454970779 1 /Users/zac/Research/muon_g2_2015/nmr/candella-lab-pulse-data/06_22_15/run-16/6.dat
10011.4257545 -0.401258759381 3.60034692207 -10.1276459839 0.00424603921056 1.34970656357 0.00278824493295 1 /Users/zac/Research/muon_g2_2015/nmr/candella-lab-pulse-data/06_22_15/run-16/7.dat
10011.2488074 -0.372256478088 3.43876859149 -10.3724780043 0.0027813570043 1.36585489292 0.00280487507444 1 /Users/zac/Research/muon_g2_2015/nmr/candella-lab-pulse-data/06_22_15/run-16/8.dat
10011.4683236 -0.355387079518 2.83797045858 -6.50587426004 0.00335506437022 1.29156892278 0.00272753313366 1 /Users/zac/Research/muon_g2_2015/nmr/candella-lab-pulse-data/06_22_15/run-16/9.dat
10010.4697297 -0.374887232838 3.50466691908 -10.7844518175 0.00294470009187 1.55938970589 0.00299701263025 10 /Users/zac/Research/muon_g2_2015/nmr/candella-lab-pulse-data/06_22_15/run-16/1.dat
10011.7860737 -0.23836547278 1.78552924874 -3.5439042701 -0.00104255587377 1.36522083085 0.00280422395427 1 /Users/zac/Research/muon_g2_2015/nmr/candella-lab-pulse-data/06_22_15/run-16/10.dat
10010.8827964 -0.560920647394 6.00904935778 -21.4257401539 0.00749777902428 1.35888994097 0.00279771443503 1 /Users/zac/Research/muon_g2_2015/nmr/candella-lab-pulse-data/06_22_15/run-16/11.dat
10011.1735428 -0.427232712453 4.08658403966 -12.5233856488 0.0043638634795 1.25491067747 0.00268854709875 1 /Users/zac/Research/muon_g2_2015/nmr/candella-lab-pulse-data/06_22_15/run-16/13.dat
10011.6333863 -0.423686021779 4.16230098527 -13.2535588256 0.00396735457868 1.21030983982 0.00264033798544 1 /Users/zac/Research/muon_g2_2015/nmr/candella-lab-pulse-data/06_22_15/run-16/12.dat
10010.9602033 -0.478065211994 4.69489761762 -15.3634905088 0.00644153225656 1.3214099749 0.00275886234804 1 /Users/zac/Research/muon_g2_2015/nmr/candella-lab-pulse-data/06_22_15/run-16/14.dat
10011.3242528 -0.421513541093 4.07297720486 -12.6644420933 0.00390214359028 1.39201190151 0.00283160529606 1 /Users/zac/Research/muon_g2_2015/nmr/candella-lab-pulse-data/06_22_15/run-16/15.dat
10011.6348819 -0.345391691188 2.99737143857 -7.88577165663 0.00221755855257 1.31076203659 0.00274772439134 1 /Users/zac/Research/muon_g2_2015/nmr/candella-lab-pulse-data/06_22_15/run-17/3.dat
10011.1992028 -0.381538771648 3.32469940295 -9.06783630304 0.00380038158954 1.28699626161 0.00272270058341 1 /Users/zac/Research/muon_g2_2015/nmr/candella-lab-pulse-data/06_22_15/run-17/4.dat
10010.9366968 -0.464403607813 4.58002334039 -15.0473781317 0.00584617416831 1.34562973932 0.00278403076464 1 /Users/zac/Research/muon_g2_2015/nmr/candella-lab-pulse-data/06_22_15/run-17/5.dat
10010.7994203 -0.350521863916 3.00335015093 -7.76283861446 0.00220603603989 1.48654822033 0.00292617801049 10 /Users/zac/Research/muon_g2_2015/nmr/candella-lab-pulse-data/06_22_15/run-17/2.dat
10011.7531895 -0.395619062879 3.65014519471 -10.7361386058 0.00361694439249 1.38374942206 0.00282318909588 1 /Users/zac/Research/muon_g2_2015/nmr/candella-lab-pulse-data/06_22_15/run-17/6.dat
10011.352735 -0.37355894233 3.3839201634 -9.97470280127 0.00334417373623 1.27168251855 0.00270645364025 1 /Users/zac/Research/muon_g2_2015/nmr/candella-lab-pulse-data/06_22_15/run-17/7.dat
10012.088289 -0.247882342002 1.9202963247 -4.00454504965 -0.00128929326223 1.30639122551 0.0027431393437 1 /Users/zac/Research/muon_g2_2015/nmr/candella-lab-pulse-data/06_22_15/run-17/8.dat
10011.0951925 -0.40645472369 3.65667726597 -10.4659617038 0.0045456718961 1.34675496903 0.00278519453927 1 /Users/zac/Research/muon_g2_2015/nmr/candella-lab-pulse-data/06_22_15/run-17/9.dat
10011.1694293 -0.39949338189 3.82604106949 -12.4000612619 0.00420120740632 1.29268661981 0.00272871305382 1 /Users/zac/Research/muon_g2_2015/nmr/candella-lab-pulse-data/06_22_15/run-17/10.dat
10011.2738908 -0.37515008981 3.37724364021 -9.73069552068 0.00313014693652 1.30223586667 0.00273877319105 1 /Users/zac/Research/muon_g2_2015/nmr/candella-lab-pulse-data/06_22_15/run-17/11.dat
10011.5112284 -0.226247544346 1.29729707103 -0.178105793628 -0.000972257188789 1.28968632821 0.0027255445787 1 /Users/zac/Research/muon_g2_2015/nmr/candella-lab-pulse-data/06_22_15/run-17/12.dat
10011.1864817 -0.422130568575 4.06394343679 -12.911394682 0.00419047414549 1.22130878709 0.00265230816717 1 /Users/zac/Research/muon_g2_2015/nmr/candella-lab-pulse-data/06_22_15/run-17/13.dat
10011.622734 -0.427761785238 4.23463286002 -13.7624815573 0.00370719889157 1.28269547643 0.00271814752069 1 /Users/zac/Research/muon_g2_2015/nmr/candella-lab-pulse-data/06_22_15/run-17/15.dat
10011.2622959 -0.44398899535 4.33258229161 -13.7573879616 0.004568616394 1.4014927798 0.00284123184757 10 /Users/zac/Research/muon_g2_2015/nmr/candella-lab-pulse-data/06_22_15/run-17/14.dat
10011.6391739 -0.308602534448 2.59055616381 -6.56179822486 0.000779293960764 1.26543265325 0.00269979482233 1 /Users/zac/Research/muon_g2_2015/nmr/candella-lab-pulse-data/06_22_15/run-18/3.dat
10011.2196329 -0.449753057089 4.42114491766 -14.2860542829 0.00492988669489 1.25133789532 0.00268471716891 1 /Users/zac/Research/muon_g2_2015/nmr/candella-lab-pulse-data/06_22_15/run-18/4.dat
10010.7625024 -0.396471604663 3.78309161936 -11.668987469 0.00321795546767 1.45616814011 0.00289612300966 10 /Users/zac/Research/muon_g2_2015/nmr/candella-lab-pulse-data/06_22_15/run-18/2.dat
10011.4543588 -0.325084981946 2.61629101286 -6.17914762295 0.00215684632637 1.34134650507 0.00277959635005 1 /Users/zac/Research/muon_g2_2015/nmr/candella-lab-pulse-data/06_22_15/run-18/5.dat
10011.4553668 -0.36770315627 3.29451954738 -9.45973586846 0.00331375090598 1.29899837149 0.00273536663352 1 /Users/zac/Research/muon_g2_2015/nmr/candella-lab-pulse-data/06_22_15/run-18/6.dat
10011.4477681 -0.417746166713 3.99370165721 -12.2840111732 0.0039069252662 1.34663413538 0.00278506958976 1 /Users/zac/Research/muon_g2_2015/nmr/candella-lab-pulse-data/06_22_15/run-18/7.dat
10011.3157957 -0.437474624522 4.04733627497 -11.9780954241 0.00501789785125 1.36348975697 0.0028024455392 1 /Users/zac/Research/muon_g2_2015/nmr/candella-lab-pulse-data/06_22_15/run-18/9.dat
10011.4194429 -0.35092448785 3.02426041025 -8.0924797994 0.00271471185814 1.28039977788 0.00271571403512 1 /Users/zac/Research/muon_g2_2015/nmr/candella-lab-pulse-data/06_22_15/run-18/8.dat
10011.2817769 -0.287131996347 2.26788256589 -5.11762250291 0.00103772839223 1.30846170662 0.00274531226459 1 /Users/zac/Research/muon_g2_2015/nmr/candella-lab-pulse-data/06_22_15/run-18/10.dat
10011.350266 -0.410418963487 3.90166677742 -12.0868964944 0.00402457819433 1.32314011285 0.00276066786304 1 /Users/zac/Research/muon_g2_2015/nmr/candella-lab-pulse-data/06_22_15/run-18/11.dat
10011.306125 -0.352601160497 3.33241513558 -10.1687592847 0.00159743692343 1.24147332346 0.00267411412305 1 /Users/zac/Research/muon_g2_2015/nmr/candella-lab-pulse-data/06_22_15/run-18/12.dat
10011.3294369 -0.383076163401 3.45146533847 -9.63744575132 0.00292169842269 1.34338613711 0.00278170885424 1 /Users/zac/Research/muon_g2_2015/nmr/candella-lab-pulse-data/06_22_15/run-18/14.dat
10011.4643762 -0.392733579006 3.55606048378 -9.95003247821 0.0034964471536 1.29019620619 0.002726083298 1 /Users/zac/Research/muon_g2_2015/nmr/candella-lab-pulse-data/06_22_15/run-18/13.dat
10011.7295935 -0.395747720701 3.74387821698 -11.5583485714 0.0033371445322 1.33033395856 0.00276816249547 1 /Users/zac/Research/muon_g2_2015/nmr/candella-lab-pulse-data/06_22_15/run-18/15.dat
10011.5798365 -0.35631142534 3.2913141495 -9.45439203552 0.00146693132244 1.28644074808 0.0027221129126 1 /Users/zac/Research/muon_g2_2015/nmr/candella-lab-pulse-data/06_22_15/run-19/2.dat
10011.2388551 -0.425128231338 4.03887412031 -12.7172730425 0.00516813813562 1.28014455517 0.00271544335934 1 /Users/zac/Research/muon_g2_2015/nmr/candella-lab-pulse-data/06_22_15/run-19/4.dat
10011.5430815 -0.362720500828 3.23059698785 -9.19659960786 0.00323378671872 1.37666298679 0.00281595078151 1 /Users/zac/Research/muon_g2_2015/nmr/candella-lab-pulse-data/06_22_15/run-19/3.dat
10011.5255588 -0.313313876707 2.61436330387 -6.4970010682 0.00101117558152 1.25185393649 0.00268527068918 1 /Users/zac/Research/muon_g2_2015/nmr/candella-lab-pulse-data/06_22_15/run-19/6.dat
10011.5972582 -0.358469846399 3.17260140716 -8.86034161827 0.0023291500026 1.2068509421 0.00263656242605 1 /Users/zac/Research/muon_g2_2015/nmr/candella-lab-pulse-data/06_22_15/run-19/5.dat
10011.6263369 -0.339975158228 2.92884744624 -7.95215708818 0.00204938495195 1.37105415775 0.00281020852405 1 /Users/zac/Research/muon_g2_2015/nmr/candella-lab-pulse-data/06_22_15/run-19/7.dat
10010.4128115 -0.406208408548 3.70724107328 -11.2670466501 0.0050490452444 1.52597424714 0.00296472792403 10 /Users/zac/Research/muon_g2_2015/nmr/candella-lab-pulse-data/06_22_15/run-19/1.dat
10011.4365923 -0.385270196637 3.43456914247 -9.90851233825 0.004122623718 1.20219032836 0.00263146656664 1 /Users/zac/Research/muon_g2_2015/nmr/candella-lab-pulse-data/06_22_15/run-19/9.dat
10011.3140073 -0.354740524845 3.01037036543 -7.86815086509 0.00285412618084 1.38375908147 0.00282319894964 1 /Users/zac/Research/muon_g2_2015/nmr/candella-lab-pulse-data/06_22_15/run-19/10.dat
10011.7800867 -0.330892033773 2.93944875017 -8.2816301639 0.0014775416617 1.36015406011 0.00279901543158 1 /Users/zac/Research/muon_g2_2015/nmr/candella-lab-pulse-data/06_22_15/run-19/11.dat
10011.3005972 -0.343773261854 2.85064506853 -6.86909035825 0.0022381429866 1.28212791039 0.00271754609231 1 /Users/zac/Research/muon_g2_2015/nmr/candella-lab-pulse-data/06_22_15/run-19/12.dat
10011.3240315 -0.336545113487 2.85689340209 -7.29985860932 0.00188372877626 1.29550906302 0.00273169035635 1 /Users/zac/Research/muon_g2_2015/nmr/candella-lab-pulse-data/06_22_15/run-19/14.dat
10011.1378646 -0.454514937855 4.29612236008 -13.3580578653 0.00608040827488 1.33895595795 0.00277711834782 1 /Users/zac/Research/muon_g2_2015/nmr/candella-lab-pulse-data/06_22_15/run-19/13.dat
10011.1256053 -0.475991019768 4.81347121904 -15.9071394389 0.00511757574731 1.41289370141 0.00285276492549 10 /Users/zac/Research/muon_g2_2015/nmr/candella-lab-pulse-data/06_22_15/run-19/8.dat
10010.7826704 -0.52730434374 5.19503545402 -17.2498053052 0.00860799624977 1.35778326362 0.00279657497637 1 /Users/zac/Research/muon_g2_2015/nmr/candella-lab-pulse-data/06_22_15/run-19/15.dat
10011.3833918 -0.392527280459 3.43537450223 -9.30211287084 0.00409232808049 1.32730651793 0.00276501094813 1 /Users/zac/Research/muon_g2_2015/nmr/candella-lab-pulse-data/06_22_15/run-20/3.dat
10011.3131409 -0.362433419474 3.14197220143 -8.89858604755 0.00369183657603 1.33365691794 0.0027716175507 1 /Users/zac/Research/muon_g2_2015/nmr/candella-lab-pulse-data/06_22_15/run-20/4.dat
10011.2330447 -0.388350568973 3.52828689741 -10.1589346989 0.00382704585414 1.3050935966 0.00274177663503 1 /Users/zac/Research/muon_g2_2015/nmr/candella-lab-pulse-data/06_22_15/run-20/5.dat
10011.3447853 -0.446760484497 4.37333117004 -14.3310199415 0.00536977999703 1.2672656975 0.00270174951052 1 /Users/zac/Research/muon_g2_2015/nmr/candella-lab-pulse-data/06_22_15/run-20/6.dat
10010.3686829 -0.462973663279 4.52609352207 -14.7116723795 0.00592107685431 1.51306258417 0.00295215861444 10 /Users/zac/Research/muon_g2_2015/nmr/candella-lab-pulse-data/06_22_15/run-20/2.dat
10011.3144304 -0.389459183527 3.49482641831 -10.2569595556 0.00432435576567 1.28211621966 0.00271753370269 1 /Users/zac/Research/muon_g2_2015/nmr/candella-lab-pulse-data/06_22_15/run-20/7.dat
10011.2274537 -0.366391213989 3.29357378356 -9.37822837741 0.002966841924 1.26900181462 0.00270359953622 1 /Users/zac/Research/muon_g2_2015/nmr/candella-lab-pulse-data/06_22_15/run-20/8.dat
10011.7760697 -0.313309799724 2.43233908144 -5.1239461374 0.00152223669527 1.33873877588 0.00277689311085 1 /Users/zac/Research/muon_g2_2015/nmr/candella-lab-pulse-data/06_22_15/run-20/9.dat
10011.136671 -0.39900539993 3.73388785446 -11.4960413432 0.00411076032637 1.29042910428 0.00272632933459 1 /Users/zac/Research/muon_g2_2015/nmr/candella-lab-pulse-data/06_22_15/run-20/10.dat
10011.5114614 -0.363573270748 3.10470566311 -7.97003490988 0.00321138742532 1.27178262031 0.00270656015875 1 /Users/zac/Research/muon_g2_2015/nmr/candella-lab-pulse-data/06_22_15/run-20/11.dat
10011.139916 -0.396859116634 3.65971256949 -10.9618142435 0.00421515620667 1.32896207261 0.00276673481531 1 /Users/zac/Research/muon_g2_2015/nmr/candella-lab-pulse-data/06_22_15/run-20/13.dat
10011.4334948 -0.36966262199 3.48526189218 -10.525781053 0.00206295673176 1.32312260614 0.00276064959953 1 /Users/zac/Research/muon_g2_2015/nmr/candella-lab-pulse-data/06_22_15/run-20/12.dat
10011.4298643 -0.400263785 3.64820385652 -10.6589474413 0.00397611064674 1.25778451803 0.00269162382659 1 /Users/zac/Research/muon_g2_2015/nmr/candella-lab-pulse-data/06_22_15/run-20/14.dat
10011.3287446 -0.299556135266 2.41059118638 -5.89429375826 0.00165713558963 1.29996465911 0.00273638382477 1 /Users/zac/Research/muon_g2_2015/nmr/candella-lab-pulse-data/06_22_15/run-20/15.dat
10011.3268279 -0.443545832704 4.16243748589 -12.5095060392 0.00520957559369 1.33211903766 0.00277001907158 1 /Users/zac/Research/muon_g2_2015/nmr/candella-lab-pulse-data/06_22_15/run-21/2.dat
10011.4694258 -0.37210179627 3.29493435099 -9.14177919542 0.00284065569712 1.27708342368 0.00271219477922 1 /Users/zac/Research/muon_g2_2015/nmr/candella-lab-pulse-data/06_22_15/run-21/4.dat
10011.7352676 -0.368655150545 3.54187961234 -11.3325500133 0.00241601199673 1.36396155561 0.00280293035238 1 /Users/zac/Research/muon_g2_2015/nmr/candella-lab-pulse-data/06_22_15/run-21/5.dat
10011.6687099 -0.366113935972 3.32319301109 -9.4255363587 0.00220461392636 1.30699223367 0.00274377026479 1 /Users/zac/Research/muon_g2_2015/nmr/candella-lab-pulse-data/06_22_15/run-21/6.dat
10011.3060161 -0.432738936173 4.01102491672 -11.8362854306 0.00475458097549 1.26649883239 0.00270093192705 1 /Users/zac/Research/muon_g2_2015/nmr/candella-lab-pulse-data/06_22_15/run-21/7.dat
10010.9821063 -0.472289986269 4.80306863534 -16.3824618099 0.00571422635915 1.40423194277 0.00284400703064 10 /Users/zac/Research/muon_g2_2015/nmr/candella-lab-pulse-data/06_22_15/run-21/3.dat
10011.1089687 -0.443553726392 4.28906280785 -13.8598082421 0.00560472576454 1.3053405771 0.00274203605449 1 /Users/zac/Research/muon_g2_2015/nmr/candella-lab-pulse-data/06_22_15/run-21/8.dat
10011.219833 -0.400146269238 3.53691800326 -9.58751482628 0.00390788450514 1.26622956996 0.00270064479764 1 /Users/zac/Research/muon_g2_2015/nmr/candella-lab-pulse-data/06_22_15/run-21/10.dat
10011.6220345 -0.361178764257 3.17882963855 -8.58563638084 0.0024865408583 1.37837453123 0.00281770071155 1 /Users/zac/Research/muon_g2_2015/nmr/candella-lab-pulse-data/06_22_15/run-21/9.dat
10011.3480189 -0.393287203353 3.52299901647 -9.76025941425 0.00344218940409 1.30695954729 0.00274373595529 1 /Users/zac/Research/muon_g2_2015/nmr/candella-lab-pulse-data/06_22_15/run-21/11.dat
10011.1152681 -0.407941578578 3.94183309831 -13.0096529036 0.00448303211591 1.16836761524 0.00259418531793 1 /Users/zac/Research/muon_g2_2015/nmr/candella-lab-pulse-data/06_22_15/run-21/12.dat
10011.8169242 -0.331154098969 2.96221247426 -8.3698596708 0.00118763518107 1.23811695587 0.00267049689493 1 /Users/zac/Research/muon_g2_2015/nmr/candella-lab-pulse-data/06_22_15/run-21/13.dat
10011.6391877 -0.304691171126 2.41490084504 -5.54990216544 0.00157124346432 1.34470450648 0.00278307347321 1 /Users/zac/Research/muon_g2_2015/nmr/candella-lab-pulse-data/06_22_15/run-21/14.dat
10011.4268241 -0.369347530211 3.3433940382 -9.47511379684 0.00241839147931 1.22715619177 0.0026586499703 1 /Users/zac/Research/muon_g2_2015/nmr/candella-lab-pulse-data/06_22_15/run-21/15.dat
10011.7208829 -0.34197561964 2.88869182592 -7.04054826731 0.00157472143369 1.30755076959 0.00274435646971 1 /Users/zac/Research/muon_g2_2015/nmr/candella-lab-pulse-data/06_22_15/run-22/2.dat
10010.2727458 -0.441831364539 4.26233404241 -13.523365945 0.0050806622565 1.51252428662 0.0029516334276 10 /Users/zac/Research/muon_g2_2015/nmr/candella-lab-pulse-data/06_22_15/run-21/1.dat
10011.1325946 -0.382771663907 3.48596704578 -10.6447149545 0.00412349490931 1.23599580636 0.00266820835855 1 /Users/zac/Research/muon_g2_2015/nmr/candella-lab-pulse-data/06_22_15/run-22/3.dat
10011.1957518 -0.426851992447 4.05736044273 -12.7866246844 0.00519902543131 1.2699686079 0.00270462921331 1 /Users/zac/Research/muon_g2_2015/nmr/candella-lab-pulse-data/06_22_15/run-22/4.dat
10011.1127908 -0.429926950109 3.87217216767 -10.9907960997 0.00535477368443 1.31542211306 0.00275260447054 1 /Users/zac/Research/muon_g2_2015/nmr/candella-lab-pulse-data/06_22_15/run-22/5.dat
10011.2684879 -0.404604619307 3.74987178319 -11.1781323982 0.00419217281154 1.33718118962 0.00277527722078 1 /Users/zac/Research/muon_g2_2015/nmr/candella-lab-pulse-data/06_22_15/run-22/6.dat
10010.2552644 -0.437544008115 4.20430445344 -13.1746698412 0.00464459909105 1.52193271787 0.00296079929325 10 /Users/zac/Research/muon_g2_2015/nmr/candella-lab-pulse-data/06_22_15/run-22/1.dat
10011.4527543 -0.437786469603 4.28028546628 -13.4962693967 0.00420110489114 1.34346903595 0.00278179468097 1 /Users/zac/Research/muon_g2_2015/nmr/candella-lab-pulse-data/06_22_15/run-22/7.dat
10011.2228415 -0.419539806468 3.87193168246 -11.4429542334 0.00433744059198 1.31967572416 0.00275705135446 1 /Users/zac/Research/muon_g2_2015/nmr/candella-lab-pulse-data/06_22_15/run-22/8.dat
10011.5414769 -0.334328995883 2.88908958995 -7.68915572071 0.00172350472747 1.28851016169 0.00272430147585 1 /Users/zac/Research/muon_g2_2015/nmr/candella-lab-pulse-data/06_22_15/run-22/10.dat
10011.3948177 -0.411864319077 3.86689260754 -11.8685041867 0.00420467771388 1.36535017976 0.00280435679531 1 /Users/zac/Research/muon_g2_2015/nmr/candella-lab-pulse-data/06_22_15/run-22/11.dat
10011.5270804 -0.395570625139 3.8349396425 -12.3108929714 0.00314896032854 1.31129095956 0.00274827872077 1 /Users/zac/Research/muon_g2_2015/nmr/candella-lab-pulse-data/06_22_15/run-22/12.dat
10011.5849462 -0.310883688346 2.58013878276 -6.46153732617 0.00101010426028 1.31731009878 0.00275457912738 1 /Users/zac/Research/muon_g2_2015/nmr/candella-lab-pulse-data/06_22_15/run-22/13.dat
10011.4504375 -0.369716064959 3.29879222247 -9.24070614187 0.00312644173139 1.41687836169 0.00285678479472 10 /Users/zac/Research/muon_g2_2015/nmr/candella-lab-pulse-data/06_22_15/run-22/9.dat
10011.3486969 -0.324915206245 2.61463697621 -6.01392819982 0.00175583173653 1.26360581024 0.00269784533785 1 /Users/zac/Research/muon_g2_2015/nmr/candella-lab-pulse-data/06_22_15/run-22/14.dat
10011.1583857 -0.402116528348 3.59172197059 -10.2897401125 0.00468367863422 1.31710334007 0.00275436294609 1 /Users/zac/Research/muon_g2_2015/nmr/candella-lab-pulse-data/06_22_15/run-22/15.dat
10011.7888749 -0.299781891491 2.39641270291 -5.40061407399 0.00083210438783 1.30235926592 0.0027389029504 1 /Users/zac/Research/muon_g2_2015/nmr/candella-lab-pulse-data/06_22_15/run-23/2.dat
10011.3607402 -0.318515206526 2.54255854211 -5.67238723203 0.00147048534178 1.2669433464 0.00270140587015 1 /Users/zac/Research/muon_g2_2015/nmr/candella-lab-pulse-data/06_22_15/run-23/3.dat
10011.1146003 -0.401289584092 3.63031899594 -10.4984429373 0.0040439215294 1.2874247013 0.00272315373776 1 /Users/zac/Research/muon_g2_2015/nmr/candella-lab-pulse-data/06_22_15/run-23/4.dat
10011.9724124 -0.275170234489 2.36105626928 -6.26229134386 -0.000847197272989 1.35118848756 0.00278977520391 1 /Users/zac/Research/muon_g2_2015/nmr/candella-lab-pulse-data/06_22_15/run-23/5.dat
10010.5289067 -0.397065844104 3.56957150773 -10.2938699485 0.00424308167842 1.60733988787 0.00304274181523 10 /Users/zac/Research/muon_g2_2015/nmr/candella-lab-pulse-data/06_22_15/run-23/1.dat
10011.3433537 -0.426932289419 4.21079055386 -13.5437948851 0.00394682126324 1.21783126715 0.00264852942192 1 /Users/zac/Research/muon_g2_2015/nmr/candella-lab-pulse-data/06_22_15/run-23/6.dat
10011.4967699 -0.372649920991 3.12765038669 -7.83448179848 0.00352212286087 1.22509757558 0.0026564190248 1 /Users/zac/Research/muon_g2_2015/nmr/candella-lab-pulse-data/06_22_15/run-23/7.dat
10011.3218 -0.355028780703 3.21868523305 -9.32252360074 0.00235935353327 1.32710450141 0.00276480052231 1 /Users/zac/Research/muon_g2_2015/nmr/candella-lab-pulse-data/06_22_15/run-23/8.dat
10011.4812963 -0.335984221949 2.79149119156 -6.95863647329 0.00238005290608 1.288416332 0.00272420228182 1 /Users/zac/Research/muon_g2_2015/nmr/candella-lab-pulse-data/06_22_15/run-23/9.dat
10011.2121189 -0.396773249724 3.56150728894 -10.4387934817 0.00478586763157 1.30123936379 0.00273772510224 1 /Users/zac/Research/muon_g2_2015/nmr/candella-lab-pulse-data/06_22_15/run-23/11.dat
10011.036325 -0.378612141395 3.11997587496 -7.66368126422 0.00450258617218 1.2784995974 0.00271369815584 1 /Users/zac/Research/muon_g2_2015/nmr/candella-lab-pulse-data/06_22_15/run-23/10.dat
10011.2764725 -0.421066294616 3.88740314507 -11.7898032023 0.00512822028926 1.33897544883 0.00277713856069 1 /Users/zac/Research/muon_g2_2015/nmr/candella-lab-pulse-data/06_22_15/run-23/12.dat
10011.6842198 -0.327845378636 2.80698205735 -7.46176093089 0.00182000463029 1.27636656041 0.0027114334563 1 /Users/zac/Research/muon_g2_2015/nmr/candella-lab-pulse-data/06_22_15/run-23/14.dat
10011.5178092 -0.356464627915 3.03423447457 -7.9839179728 0.00272875680399 1.35908345925 0.00279791363793 1 /Users/zac/Research/muon_g2_2015/nmr/candella-lab-pulse-data/06_22_15/run-23/13.dat
10011.4939999 -0.368874015728 3.27591233638 -9.32000669328 0.00320849593642 1.26184812905 0.00269596832759 1 /Users/zac/Research/muon_g2_2015/nmr/candella-lab-pulse-data/06_22_15/run-23/15.dat
10011.8263723 -0.343674383608 3.01827870139 -8.30370906965 0.0024174626439 1.34594653895 0.00278435846549 1 /Users/zac/Research/muon_g2_2015/nmr/candella-lab-pulse-data/06_22_15/run-24/3.dat
10011.5773704 -0.366617244213 3.34988441354 -9.57630101652 0.00199406462354 1.31870725528 0.00275603951177 1 /Users/zac/Research/muon_g2_2015/nmr/candella-lab-pulse-data/06_22_15/run-24/4.dat
10011.7426203 -0.316297705826 2.66920305402 -6.8410420652 0.00110644917125 1.36511174031 0.00280411191363 1 /Users/zac/Research/muon_g2_2015/nmr/candella-lab-pulse-data/06_22_15/run-24/5.dat
10010.7882235 -0.374683895665 3.48491460865 -10.4216169915 0.00273279108591 1.51679476711 0.00295579733043 10 /Users/zac/Research/muon_g2_2015/nmr/candella-lab-pulse-data/06_22_15/run-24/2.dat
10011.5132099 -0.260649082676 2.00944150124 -4.49786557202 -2.68234021698e-05 1.33197119614 0.0027698653559 1 /Users/zac/Research/muon_g2_2015/nmr/candella-lab-pulse-data/06_22_15/run-24/6.dat
10011.5984961 -0.444742972311 4.4121631204 -14.2306833106 0.00405096515857 1.31115095855 0.00274813200579 1 /Users/zac/Research/muon_g2_2015/nmr/candella-lab-pulse-data/06_22_15/run-24/7.dat
10011.5434125 -0.321113124805 2.62186435431 -6.08464522653 0.00136722992573 1.37642675857 0.00281570916988 1 /Users/zac/Research/muon_g2_2015/nmr/candella-lab-pulse-data/06_22_15/run-24/8.dat
10011.4763581 -0.334808777403 2.81786010493 -7.33910849163 0.00217376370287 1.34107273258 0.00277931267397 1 /Users/zac/Research/muon_g2_2015/nmr/candella-lab-pulse-data/06_22_15/run-24/9.dat
10011.1245069 -0.39957539588 3.48280837292 -9.5758952623 0.00494147767913 1.18676541561 0.00261453031994 1 /Users/zac/Research/muon_g2_2015/nmr/candella-lab-pulse-data/06_22_15/run-24/11.dat
10011.6695322 -0.340773807032 2.99983990541 -8.38010335533 0.00254961122359 1.26752667157 0.00270202768829 1 /Users/zac/Research/muon_g2_2015/nmr/candella-lab-pulse-data/06_22_15/run-24/12.dat
10011.1772029 -0.404554887507 3.71320521326 -10.8109066558 0.00390063260402 1.36919422309 0.00280830175106 1 /Users/zac/Research/muon_g2_2015/nmr/candella-lab-pulse-data/06_22_15/run-24/10.dat
10011.3978719 -0.441442257566 4.34454929829 -14.0404702764 0.00451803192547 1.30773582944 0.00274455066952 1 /Users/zac/Research/muon_g2_2015/nmr/candella-lab-pulse-data/06_22_15/run-24/15.dat
10011.1821848 -0.389087741002 3.59431856058 -10.6072226921 0.00323772099924 1.39396958842 0.00283359574204 1 /Users/zac/Research/muon_g2_2015/nmr/candella-lab-pulse-data/06_22_15/run-24/13.dat
10011.4053782 -0.368254210613 3.45677425329 -10.4145385991 0.00215682911869 1.37198927911 0.00281116670578 1 /Users/zac/Research/muon_g2_2015/nmr/candella-lab-pulse-data/06_22_15/run-24/14.dat
10011.2698167 -0.451867729201 4.20836376811 -12.7246904914 0.0058823448285 1.3047148719 0.00274137878852 1 /Users/zac/Research/muon_g2_2015/nmr/candella-lab-pulse-data/06_22_15/run-25/2.dat
10011.4927237 -0.33746444124 2.84821156061 -7.65854744158 0.0028276633994 1.27595851972 0.00271100001357 1 /Users/zac/Research/muon_g2_2015/nmr/candella-lab-pulse-data/06_22_15/run-25/4.dat
10011.7581202 -0.287443710758 2.35640324744 -5.73705527999 0.000232618632636 1.3386088747 0.00277675838312 1 /Users/zac/Research/muon_g2_2015/nmr/candella-lab-pulse-data/06_22_15/run-25/3.dat
10010.7013289 -0.46958891308 4.32623530274 -12.7307390946 0.00677013738742 1.33316676304 0.00277110818178 1 /Users/zac/Research/muon_g2_2015/nmr/candella-lab-pulse-data/06_22_15/run-25/5.dat
10011.3917861 -0.331703911895 2.65880993545 -6.34878502765 0.00283527986413 1.29607796637 0.00273229008092 1 /Users/zac/Research/muon_g2_2015/nmr/candella-lab-pulse-data/06_22_15/run-25/6.dat
10011.2217493 -0.349910101809 3.13774689671 -8.79117747546 0.00207583835558 1.32170247811 0.00275916767775 1 /Users/zac/Research/muon_g2_2015/nmr/candella-lab-pulse-data/06_22_15/run-25/7.dat
10011.706731 -0.334932553068 2.91524934091 -7.87323408798 0.00157986672842 1.37116832916 0.00281032552847 1 /Users/zac/Research/muon_g2_2015/nmr/candella-lab-pulse-data/06_22_15/run-25/8.dat
10011.7380481 -0.304042886779 2.50838326391 -5.82185512037 0.000631750426611 1.32178545204 0.002759254284 1 /Users/zac/Research/muon_g2_2015/nmr/candella-lab-pulse-data/06_22_15/run-25/9.dat
10011.7736727 -0.290374234298 2.19243767876 -4.201034251 0.000851952790282 1.31765662474 0.00275494140746 1 /Users/zac/Research/muon_g2_2015/nmr/candella-lab-pulse-data/06_22_15/run-25/10.dat
10011.4253882 -0.424056421234 4.14334764967 -13.3919823605 0.00445766771232 1.2547732371 0.00268839986715 1 /Users/zac/Research/muon_g2_2015/nmr/candella-lab-pulse-data/06_22_15/run-25/11.dat
10011.023576 -0.451303186533 4.32382271051 -13.6295434922 0.00560018429881 1.32913721302 0.00276691711964 1 /Users/zac/Research/muon_g2_2015/nmr/candella-lab-pulse-data/06_22_15/run-25/12.dat
10011.476624 -0.355770999936 3.30114073517 -10.1259146271 0.00248907320835 1.3925167917 0.00283211876873 1 /Users/zac/Research/muon_g2_2015/nmr/candella-lab-pulse-data/06_22_15/run-25/13.dat
10011.0098743 -0.369671437862 3.48323273351 -10.6427355708 0.00202731126244 1.48336823892 0.00292304653678 10 /Users/zac/Research/muon_g2_2015/nmr/candella-lab-pulse-data/06_22_15/run-25/1.dat
10011.4913125 -0.456674669404 4.66103314059 -15.71336883 0.0043003928971 1.26115609428 0.00269522895188 1 /Users/zac/Research/muon_g2_2015/nmr/candella-lab-pulse-data/06_22_15/run-25/14.dat
10011.5895187 -0.336205632534 2.92722043725 -7.53411530094 0.00131851308493 1.26998368787 0.00270464527103 1 /Users/zac/Research/muon_g2_2015/nmr/candella-lab-pulse-data/06_22_15/run-25/15.dat
