10012.0021913 -0.272327473606 2.07221048309 -3.98579124536 -0.000303926963194 1.38803504836 0.00282755758183 1 /Users/zac/Research/muon_g2_2015/nmr/candella-lab-pulse-data/06_22_15/run-8/2.dat
10011.1812402 -0.31570061183 2.30016107603 -4.44937751514 0.00273080597633 1.38916445745 0.00282870770404 1 /Users/zac/Research/muon_g2_2015/nmr/candella-lab-pulse-data/06_22_15/run-8/4.dat
10011.3144613 -0.297426453159 2.19820682035 -4.22910572743 0.00150237396992 1.33945480263 0.00277763562462 1 /Users/zac/Research/muon_g2_2015/nmr/candella-lab-pulse-data/06_22_15/run-8/5.dat
10011.4988949 -0.296691526357 2.23522795134 -4.52186457596 0.0015729690398 1.40080828494 0.00284053792815 10 /Users/zac/Research/muon_g2_2015/nmr/candella-lab-pulse-data/06_22_15/run-8/3.dat
10011.3398189 -0.281380700148 1.99659590581 -3.62741254391 0.00168062672881 1.32850052996 0.0027662543362 1 /Users/zac/Research/muon_g2_2015/nmr/candella-lab-pulse-data/06_22_15/run-8/6.dat
10011.5591928 -0.250668219074 1.72216661399 -2.89956619227 0.000380252434113 1.33572991757 0.00277377077734 1 /Users/zac/Research/muon_g2_2015/nmr/candella-lab-pulse-data/06_22_15/run-8/8.dat
10011.1116471 -0.289806589133 2.10627496213 -3.91193057579 0.00129280428869 1.32141429418 0.00275886685697 1 /Users/zac/Research/muon_g2_2015/nmr/candella-lab-pulse-data/06_22_15/run-8/9.dat
10011.3015084 -0.296879095 2.16656361421 -4.16238426795 0.00194054310684 1.41991760181 0.00285984709144 10 /Users/zac/Research/muon_g2_2015/nmr/candella-lab-pulse-data/06_22_15/run-8/7.dat
10011.1950386 -0.293730618937 2.12256041654 -3.94858533493 0.00166695550155 1.31515431349 0.00275232426245 1 /Users/zac/Research/muon_g2_2015/nmr/candella-lab-pulse-data/06_22_15/run-8/10.dat
10011.2636625 -0.284115580298 2.08641363761 -3.94108119557 0.00102017530049 1.37397818117 0.00281320356951 1 /Users/zac/Research/muon_g2_2015/nmr/candella-lab-pulse-data/06_22_15/run-8/11.dat
10010.8112354 -0.273755207489 2.02965193731 -3.98656510593 0.000513853676481 1.60083721261 0.00303658069951 10 /Users/zac/Research/muon_g2_2015/nmr/candella-lab-pulse-data/06_22_15/run-8/1.dat
10011.6948414 -0.267668776045 1.9558342168 -3.54794593536 -7.39603382236e-05 1.32564491994 0.00276327970695 1 /Users/zac/Research/muon_g2_2015/nmr/candella-lab-pulse-data/06_22_15/run-8/14.dat
10011.4869295 -0.294552317833 2.22728942769 -4.41179037085 0.000968375439609 1.35374303254 0.00279241112077 1 /Users/zac/Research/muon_g2_2015/nmr/candella-lab-pulse-data/06_22_15/run-8/13.dat
10011.2524445 -0.286589982432 2.05557162961 -3.80029874534 0.00154951233001 1.34400616652 0.00278235071822 1 /Users/zac/Research/muon_g2_2015/nmr/candella-lab-pulse-data/06_22_15/run-8/12.dat
10011.3748002 -0.268262310984 1.89333181582 -3.41727134948 0.00117681495541 1.39837109823 0.00283806580717 1 /Users/zac/Research/muon_g2_2015/nmr/candella-lab-pulse-data/06_22_15/run-8/15.dat
10011.4562555 -0.303952417646 2.22015107918 -4.23288162178 0.00209550031294 1.37316209284 0.00281236797997 1 /Users/zac/Research/muon_g2_2015/nmr/candella-lab-pulse-data/06_22_15/run-9/2.dat
10010.8978019 -0.314318748335 2.349164275 -4.70647355574 0.00226789309995 1.32868625594 0.0027664476923 1 /Users/zac/Research/muon_g2_2015/nmr/candella-lab-pulse-data/06_22_15/run-9/3.dat
10011.843446 -0.279392614555 2.08253650138 -4.06112847956 0.000736484454086 1.36830623621 0.00280739094545 1 /Users/zac/Research/muon_g2_2015/nmr/candella-lab-pulse-data/06_22_15/run-9/4.dat
10011.6359649 -0.287745994748 2.1421624173 -4.09439329657 0.000760896616747 1.39399670441 0.00283362330196 1 /Users/zac/Research/muon_g2_2015/nmr/candella-lab-pulse-data/06_22_15/run-9/6.dat
10011.3571854 -0.285129160482 2.04477785434 -3.75720437905 0.0014457485471 1.36929447406 0.00280840455963 1 /Users/zac/Research/muon_g2_2015/nmr/candella-lab-pulse-data/06_22_15/run-9/7.dat
10011.7285827 -0.255536112651 1.90750863986 -3.51817268541 -0.00101158635048 1.33964904498 0.0027778370181 1 /Users/zac/Research/muon_g2_2015/nmr/candella-lab-pulse-data/06_22_15/run-9/5.dat
10011.532079 -0.292575845965 2.18005833641 -4.24987725794 0.00113947866237 1.37322711437 0.00281243456436 1 /Users/zac/Research/muon_g2_2015/nmr/candella-lab-pulse-data/06_22_15/run-9/8.dat
10010.5287152 -0.281946550625 2.07011530835 -4.1429499303 0.00136989121575 1.58023326002 0.00301697589942 10 /Users/zac/Research/muon_g2_2015/nmr/candella-lab-pulse-data/06_22_15/run-9/1.dat
10011.5057679 -0.277679474153 2.04567406238 -3.86580721403 0.000474419436961 1.37435475742 0.00281358906074 1 /Users/zac/Research/muon_g2_2015/nmr/candella-lab-pulse-data/06_22_15/run-9/9.dat
10011.3007192 -0.253967785898 1.82032882733 -3.10547442558 -0.000532376991599 1.33399663103 0.00277197052559 1 /Users/zac/Research/muon_g2_2015/nmr/candella-lab-pulse-data/06_22_15/run-9/11.dat
10011.7687297 -0.27428664142 1.9652439008 -3.6108882304 0.00119016070966 1.29305912532 0.00272910618369 1 /Users/zac/Research/muon_g2_2015/nmr/candella-lab-pulse-data/06_22_15/run-9/12.dat
10011.6259188 -0.269608858585 2.02477609858 -3.9067501475 -3.11088450596e-05 1.36364396349 0.00280260400872 1 /Users/zac/Research/muon_g2_2015/nmr/candella-lab-pulse-data/06_22_15/run-9/14.dat
10011.3094109 -0.283002562742 2.02359045827 -3.7672889011 0.00167935608795 1.39311823745 0.00283273031679 1 /Users/zac/Research/muon_g2_2015/nmr/candella-lab-pulse-data/06_22_15/run-9/15.dat
10011.4974379 -0.294349266535 2.11983764095 -3.97705585733 0.00185095093725 1.43391754419 0.00287391110762 10 /Users/zac/Research/muon_g2_2015/nmr/candella-lab-pulse-data/06_22_15/run-9/10.dat
10011.3186613 -0.309863381083 2.25361187643 -4.33349776772 0.00277199649007 1.33523099498 0.00277325269874 1 /Users/zac/Research/muon_g2_2015/nmr/candella-lab-pulse-data/06_22_15/run-10/2.dat
10011.4756714 -0.29884965634 2.22026231685 -4.29486781062 0.00127495717074 1.352850745 0.00279149069337 1 /Users/zac/Research/muon_g2_2015/nmr/candella-lab-pulse-data/06_22_15/run-10/3.dat
10011.0326334 -0.301153909776 2.1399750761 -3.97998296697 0.00259630553556 1.29543740405 0.00273161480581 2 /Users/zac/Research/muon_g2_2015/nmr/candella-lab-pulse-data/06_22_15/run-9/13.dat
10010.8449058 -0.270298906137 1.94770827851 -3.72808346824 0.000986633616575 1.5320918179 0.00297066471873 10 /Users/zac/Research/muon_g2_2015/nmr/candella-lab-pulse-data/06_22_15/run-10/1.dat
10011.6270774 -0.262040903894 1.98652642271 -3.77643111511 -0.000733880665704 1.28361830283 0.00271912512112 1 /Users/zac/Research/muon_g2_2015/nmr/candella-lab-pulse-data/06_22_15/run-10/6.dat
10011.5190635 -0.244339309995 1.76043725667 -3.05319925791 -0.000881468645666 1.32518534937 0.00276280068271 1 /Users/zac/Research/muon_g2_2015/nmr/candella-lab-pulse-data/06_22_15/run-10/5.dat
10011.3328203 -0.259696613845 1.86419797746 -3.38155080637 0.000365011727645 1.44492733777 0.00288492312992 10 /Users/zac/Research/muon_g2_2015/nmr/candella-lab-pulse-data/06_22_15/run-10/4.dat
10011.4579243 -0.261438826976 1.83106283157 -3.22928602553 0.000809218964011 1.37814130648 0.00281746232012 1 /Users/zac/Research/muon_g2_2015/nmr/candella-lab-pulse-data/06_22_15/run-10/7.dat
10011.6346976 -0.262105268769 1.94447903307 -3.56799752447 -0.000444231781204 1.29096061115 0.00272689074226 1 /Users/zac/Research/muon_g2_2015/nmr/candella-lab-pulse-data/06_22_15/run-10/9.dat
10011.3390762 -0.316153823048 2.32433501992 -4.49100939259 0.00255201846672 1.34865840158 0.00278716206796 1 /Users/zac/Research/muon_g2_2015/nmr/candella-lab-pulse-data/06_22_15/run-10/10.dat
10011.4664442 -0.283365353883 2.07938774092 -3.93828911553 0.00100138501895 1.37208372335 0.00281126346088 1 /Users/zac/Research/muon_g2_2015/nmr/candella-lab-pulse-data/06_22_15/run-10/11.dat
10012.1112009 -0.229644562108 2.44863830439 -5.52401031841 -0.00982007917449 1.04444725775 0.00245275685804 1 /Users/zac/Research/muon_g2_2015/nmr/candella-lab-pulse-data/06_22_15/run-10/12.dat
10011.4112135 -0.30005875674 2.23388665184 -4.33069899773 0.00155951545295 1.30522734339 0.0027419171209 1 /Users/zac/Research/muon_g2_2015/nmr/candella-lab-pulse-data/06_22_15/run-10/13.dat
10011.4383623 -0.266906479562 1.86294989578 -3.27429109444 0.00108378058937 1.28895569695 0.00272477243352 1 /Users/zac/Research/muon_g2_2015/nmr/candella-lab-pulse-data/06_22_15/run-10/14.dat
10011.779749 -0.26650134567 1.99895197698 -3.82126313271 -0.000163107190302 1.40411901782 0.00284389267425 10 /Users/zac/Research/muon_g2_2015/nmr/candella-lab-pulse-data/06_22_15/run-10/8.dat
10011.7968922 -0.268710323725 1.97116598591 -3.60021527851 0.000109007946528 1.38608165815 0.0028255672618 1 /Users/zac/Research/muon_g2_2015/nmr/candella-lab-pulse-data/06_22_15/run-11/2.dat
10011.2304946 -0.294334395459 2.0730412173 -3.71565479144 0.00223431573703 1.33074250017 0.00276858751008 1 /Users/zac/Research/muon_g2_2015/nmr/candella-lab-pulse-data/06_22_15/run-10/15.dat
10011.5596457 -0.27381786197 1.98594563575 -3.74555520806 0.00117624333213 1.33623350502 0.00277429360179 1 /Users/zac/Research/muon_g2_2015/nmr/candella-lab-pulse-data/06_22_15/run-11/4.dat
10011.7991631 -0.288973885422 2.19277895466 -4.3007380715 0.000572362044255 1.28812067742 0.00272388970076 1 /Users/zac/Research/muon_g2_2015/nmr/candella-lab-pulse-data/06_22_15/run-11/5.dat
10011.822197 -0.280725837605 2.10136806785 -4.08286777118 0.000480201794185 1.296384256 0.00273261290976 1 /Users/zac/Research/muon_g2_2015/nmr/candella-lab-pulse-data/06_22_15/run-11/6.dat
10011.5196063 -0.280311800048 2.0796789004 -4.04571055646 0.000820963628317 1.34709603036 0.0027855471877 1 /Users/zac/Research/muon_g2_2015/nmr/candella-lab-pulse-data/06_22_15/run-11/7.dat
10010.6563145 -0.26484365655 1.87854787272 -3.49532593724 0.000855250627549 1.5896220257 0.00302592512598 10 /Users/zac/Research/muon_g2_2015/nmr/candella-lab-pulse-data/06_22_15/run-11/1.dat
10011.6863278 -0.301441839164 2.33975240412 -4.82461000534 0.000772626006908 1.3704168673 0.00280955533059 1 /Users/zac/Research/muon_g2_2015/nmr/candella-lab-pulse-data/06_22_15/run-11/9.dat
10011.4598305 -0.250541881458 1.73904349298 -2.9188808162 6.44080451627e-05 1.37117446914 0.00281033182067 1 /Users/zac/Research/muon_g2_2015/nmr/candella-lab-pulse-data/06_22_15/run-11/8.dat
10011.9515806 -0.252385704176 1.86679182092 -3.36840522964 -0.00112890270235 1.31276631907 0.00274982435763 1 /Users/zac/Research/muon_g2_2015/nmr/candella-lab-pulse-data/06_22_15/run-11/10.dat
10011.4099132 -0.291281757081 2.20446963193 -4.32981074472 0.000657818973051 1.29716963653 0.00273344052549 1 /Users/zac/Research/muon_g2_2015/nmr/candella-lab-pulse-data/06_22_15/run-11/11.dat
10011.4880544 -0.265996899701 1.92066351317 -3.4162655328 -6.88428750873e-06 1.39653525941 0.00283620223084 1 /Users/zac/Research/muon_g2_2015/nmr/candella-lab-pulse-data/06_22_15/run-11/13.dat
10011.8374916 -0.225208722371 1.57643467204 -2.54982770268 -0.00144217821578 1.29221545298 0.00272821571895 1 /Users/zac/Research/muon_g2_2015/nmr/candella-lab-pulse-data/06_22_15/run-11/14.dat
10011.7855613 -0.271305085025 2.04848723264 -3.93721404263 -0.00022601019034 1.25708995163 0.00269088054759 1 /Users/zac/Research/muon_g2_2015/nmr/candella-lab-pulse-data/06_22_15/run-11/15.dat
10011.4041183 -0.26484718254 1.89510257548 -3.45394634132 0.000676077375216 1.40245709127 0.00284220914883 10 /Users/zac/Research/muon_g2_2015/nmr/candella-lab-pulse-data/06_22_15/run-11/12.dat
10011.7700069 -0.298152667169 2.21894438844 -4.30043184434 0.00161352472586 1.28651506875 0.00272219154286 1 /Users/zac/Research/muon_g2_2015/nmr/candella-lab-pulse-data/06_22_15/run-12/2.dat
10011.3474073 -0.264172479026 1.93938520341 -3.50993537854 -0.00026242527122 1.33505227256 0.00277306709077 1 /Users/zac/Research/muon_g2_2015/nmr/candella-lab-pulse-data/06_22_15/run-12/3.dat
10010.6951628 -0.253752575544 1.86910630032 -3.57001059081 -0.000367984903777 1.49762672259 0.00293706144337 10 /Users/zac/Research/muon_g2_2015/nmr/candella-lab-pulse-data/06_22_15/run-12/1.dat
10011.4751817 -0.276899134917 2.04268571132 -3.91708052633 0.000797259216364 1.31596088841 0.00275316812368 1 /Users/zac/Research/muon_g2_2015/nmr/candella-lab-pulse-data/06_22_15/run-12/5.dat
10011.8230736 -0.259370327507 1.88700625327 -3.3526187624 -0.000358426497207 1.41549389784 0.00285538873913 10 /Users/zac/Research/muon_g2_2015/nmr/candella-lab-pulse-data/06_22_15/run-11/3.dat
10011.2976097 -0.274532618541 1.8572504774 -3.16253767243 0.00203270113151 1.34319625878 0.00278151225964 1 /Users/zac/Research/muon_g2_2015/nmr/candella-lab-pulse-data/06_22_15/run-12/6.dat
10011.7698201 -0.283658199924 2.13221260063 -4.08750467517 0.000295550838671 1.3576115073 0.00279639809077 1 /Users/zac/Research/muon_g2_2015/nmr/candella-lab-pulse-data/06_22_15/run-12/7.dat
10011.6251501 -0.246088096788 1.77467599185 -3.07384889302 -0.000875221711751 1.26214336595 0.00269628369944 1 /Users/zac/Research/muon_g2_2015/nmr/candella-lab-pulse-data/06_22_15/run-12/8.dat
10011.778897 -0.276844672904 2.09586653549 -4.06610207858 -3.80386695504e-05 1.25183613472 0.0026852515964 1 /Users/zac/Research/muon_g2_2015/nmr/candella-lab-pulse-data/06_22_15/run-12/9.dat
10011.6902717 -0.277214267895 2.09264888292 -4.06957932509 0.000139049184556 1.39780857347 0.00283749491334 1 /Users/zac/Research/muon_g2_2015/nmr/candella-lab-pulse-data/06_22_15/run-12/11.dat
10011.514719 -0.278408092064 2.0604845401 -3.92580758363 0.000573772974571 1.33719781612 0.00277529447462 1 /Users/zac/Research/muon_g2_2015/nmr/candella-lab-pulse-data/06_22_15/run-12/10.dat
10011.9078892 -0.245454338401 1.75835206496 -3.06408006897 -0.000717067445821 1.4319825589 0.00287197136811 10 /Users/zac/Research/muon_g2_2015/nmr/candella-lab-pulse-data/06_22_15/run-12/4.dat
10011.6124346 -0.29241503934 2.05044810171 -3.72606456846 0.00231031146871 1.38507368958 0.00282453968851 1 /Users/zac/Research/muon_g2_2015/nmr/candella-lab-pulse-data/06_22_15/run-12/12.dat
10011.6865873 -0.247597519665 1.68263225871 -2.71745829301 8.94313183886e-05 1.39769014597 0.00283737470926 1 /Users/zac/Research/muon_g2_2015/nmr/candella-lab-pulse-data/06_22_15/run-12/15.dat
10011.7039022 -0.285475046238 2.06058620737 -3.82002161788 0.00125490810688 1.2449031599 0.0026778054823 1 /Users/zac/Research/muon_g2_2015/nmr/candella-lab-pulse-data/06_22_15/run-12/14.dat
10011.4895471 -0.292701319132 2.15550069282 -4.22336645041 0.0017727359659 1.40302442511 0.00284278396798 10 /Users/zac/Research/muon_g2_2015/nmr/candella-lab-pulse-data/06_22_15/run-12/13.dat
10011.3072816 -0.264943671681 1.98906598551 -3.76079502401 -0.000296931613322 1.26424362613 0.00269852613227 1 /Users/zac/Research/muon_g2_2015/nmr/candella-lab-pulse-data/06_22_15/run-13/3.dat
10011.4923092 -0.311132536477 2.3911421066 -4.89834440116 0.00163691548559 1.36778293908 0.00280685406267 1 /Users/zac/Research/muon_g2_2015/nmr/candella-lab-pulse-data/06_22_15/run-13/4.dat
10010.8463851 -0.268803831543 2.01420117203 -3.97712699288 -3.14722348249e-05 1.54648020305 0.00298458137258 10 /Users/zac/Research/muon_g2_2015/nmr/candella-lab-pulse-data/06_22_15/run-13/1.dat
10011.4699503 -0.303266499944 2.26077075075 -4.41075728596 0.00165825103154 1.45989115945 0.00289982293915 10 /Users/zac/Research/muon_g2_2015/nmr/candella-lab-pulse-data/06_22_15/run-13/2.dat
10011.3752837 -0.266039396211 1.91602896364 -3.47443246909 0.000492149009236 1.34281391023 0.00278111634473 1 /Users/zac/Research/muon_g2_2015/nmr/candella-lab-pulse-data/06_22_15/run-13/5.dat
10011.7232002 -0.282153678664 2.01152048015 -3.65438601732 0.00127432310669 1.35494771785 0.00279365331686 1 /Users/zac/Research/muon_g2_2015/nmr/candella-lab-pulse-data/06_22_15/run-13/6.dat
10011.7683861 -0.253358269514 1.82721729908 -3.19891364527 -0.00057660416551 1.36774031278 0.00280681032519 1 /Users/zac/Research/muon_g2_2015/nmr/candella-lab-pulse-data/06_22_15/run-13/7.dat
10011.5179332 -0.291727822957 2.23541928377 -4.46036601624 0.000520097712602 1.28566550238 0.00272129257775 1 /Users/zac/Research/muon_g2_2015/nmr/candella-lab-pulse-data/06_22_15/run-13/9.dat
10011.8952702 -0.215721633944 1.53161557656 -2.46938289712 -0.00230972516671 1.3275133511 0.00276522637452 1 /Users/zac/Research/muon_g2_2015/nmr/candella-lab-pulse-data/06_22_15/run-13/10.dat
10011.5780193 -0.279303988586 2.04663665075 -3.85637570786 0.000761108607187 1.31986579831 0.00275724989768 1 /Users/zac/Research/muon_g2_2015/nmr/candella-lab-pulse-data/06_22_15/run-13/11.dat
10011.4437344 -0.258662446874 1.81855600685 -3.20386825477 0.000563260277571 1.28213040775 0.00271754873896 1 /Users/zac/Research/muon_g2_2015/nmr/candella-lab-pulse-data/06_22_15/run-13/12.dat
10011.7786627 -0.258199575635 1.9225220613 -3.55992501085 -0.000618117354028 1.32357817892 0.00276112482705 1 /Users/zac/Research/muon_g2_2015/nmr/candella-lab-pulse-data/06_22_15/run-13/14.dat
10011.5170428 -0.277223870372 2.02931168886 -3.77817065944 0.000643548981772 1.36868814152 0.00280778270084 1 /Users/zac/Research/muon_g2_2015/nmr/candella-lab-pulse-data/06_22_15/run-13/13.dat
10011.4190197 -0.28396900915 2.11793487893 -4.1890116994 0.00117784311365 1.34394839912 0.00278229092277 1 /Users/zac/Research/muon_g2_2015/nmr/candella-lab-pulse-data/06_22_15/run-13/15.dat
10011.5664051 -0.249263325475 1.80015107185 -3.20429904116 -0.000379344865983 1.3489559179 0.00278746947734 1 /Users/zac/Research/muon_g2_2015/nmr/candella-lab-pulse-data/06_22_15/run-14/2.dat
10011.9989689 -0.251680746993 1.91063427723 -3.7046942664 -0.000885713098851 1.40944049701 0.00284927662096 10 /Users/zac/Research/muon_g2_2015/nmr/candella-lab-pulse-data/06_22_15/run-13/8.dat
10011.5442341 -0.293327423183 2.08877146645 -3.88441328032 0.00216798731396 1.36003755716 0.00279889555526 1 /Users/zac/Research/muon_g2_2015/nmr/candella-lab-pulse-data/06_22_15/run-14/3.dat
10011.6224358 -0.27595144985 2.06632054235 -3.87544310134 -0.000194500052937 1.35217471032 0.00279079313663 1 /Users/zac/Research/muon_g2_2015/nmr/candella-lab-pulse-data/06_22_15/run-14/4.dat
10011.6340961 -0.292325178706 2.13322326098 -4.01716617784 0.00129492411067 1.34126200309 0.00277950879434 1 /Users/zac/Research/muon_g2_2015/nmr/candella-lab-pulse-data/06_22_15/run-14/5.dat
10011.1835193 -0.289664924394 2.07658826274 -3.78224207715 0.00159838781927 1.34403850007 0.00278238418634 1 /Users/zac/Research/muon_g2_2015/nmr/candella-lab-pulse-data/06_22_15/run-14/6.dat
10010.9321284 -0.2961624662 2.24158229028 -4.61549190264 0.00121209931816 1.57240112393 0.00300949006874 10 /Users/zac/Research/muon_g2_2015/nmr/candella-lab-pulse-data/06_22_15/run-14/1.dat
10011.2432549 -0.299560396536 2.17868065306 -4.15731996551 0.00208210214473 1.38202237252 0.00282142674293 1 /Users/zac/Research/muon_g2_2015/nmr/candella-lab-pulse-data/06_22_15/run-14/7.dat
10011.4193112 -0.275845542558 2.07034380329 -3.91284911758 -0.000160606263556 1.28569025324 0.00272131877197 1 /Users/zac/Research/muon_g2_2015/nmr/candella-lab-pulse-data/06_22_15/run-14/8.dat
10011.6419421 -0.252413522037 1.82322228219 -3.26505649233 -0.000235839565369 1.30604003888 0.00274277061089 1 /Users/zac/Research/muon_g2_2015/nmr/candella-lab-pulse-data/06_22_15/run-14/9.dat
10011.4766148 -0.301021866633 2.25308304372 -4.41401649875 0.00147135717839 1.27656166583 0.00271164068327 1 /Users/zac/Research/muon_g2_2015/nmr/candella-lab-pulse-data/06_22_15/run-14/11.dat
10011.5254123 -0.306645640878 2.30293401628 -4.58988171072 0.00179829690668 1.35758260395 0.00279636832315 1 /Users/zac/Research/muon_g2_2015/nmr/candella-lab-pulse-data/06_22_15/run-14/13.dat
10011.4932208 -0.29147056813 2.20403218608 -4.30826352216 0.000656420956316 1.35840227889 0.00279721238493 1 /Users/zac/Research/muon_g2_2015/nmr/candella-lab-pulse-data/06_22_15/run-14/14.dat
10011.5543277 -0.283851585641 2.05171852933 -3.85971048262 0.00158403684051 1.39741928083 0.00283709976165 1 /Users/zac/Research/muon_g2_2015/nmr/candella-lab-pulse-data/06_22_15/run-14/12.dat
10011.4479763 -0.259209721911 1.80319785293 -3.03402372211 0.000383657312098 1.35306980523 0.00279171669016 1 /Users/zac/Research/muon_g2_2015/nmr/candella-lab-pulse-data/06_22_15/run-14/15.dat
10011.6133645 -0.276288531833 2.05760653845 -3.92530439005 0.000395213505557 1.36023649823 0.00279910025362 1 /Users/zac/Research/muon_g2_2015/nmr/candella-lab-pulse-data/06_22_15/run-15/2.dat
10011.6107157 -0.252689607596 1.84269550251 -3.39285782138 -0.000295099847249 1.35270502783 0.00279134035193 1 /Users/zac/Research/muon_g2_2015/nmr/candella-lab-pulse-data/06_22_15/run-15/3.dat
10011.7752879 -0.230735668595 1.63364446378 -2.72090183794 -0.00122459873965 1.40759718663 0.00284741282483 10 /Users/zac/Research/muon_g2_2015/nmr/candella-lab-pulse-data/06_22_15/run-14/10.dat
10011.5156432 -0.30701377329 2.25603542492 -4.44562587137 0.00238016341298 1.36600007614 0.00280502414224 1 /Users/zac/Research/muon_g2_2015/nmr/candella-lab-pulse-data/06_22_15/run-15/5.dat
10011.623265 -0.296521809697 2.23164337911 -4.41026955251 0.00118206801268 1.36378650742 0.00280275048528 1 /Users/zac/Research/muon_g2_2015/nmr/candella-lab-pulse-data/06_22_15/run-15/6.dat
10010.9003786 -0.277310438508 2.0555884695 -4.11142159461 0.000932744538994 1.57382444829 0.00301085184328 10 /Users/zac/Research/muon_g2_2015/nmr/candella-lab-pulse-data/06_22_15/run-15/1.dat
10011.964252 -0.245618951716 1.78846472277 -3.23567123172 -0.000739216190388 1.40635445909 0.00284615559735 10 /Users/zac/Research/muon_g2_2015/nmr/candella-lab-pulse-data/06_22_15/run-15/4.dat
10011.444029 -0.305607882574 2.32574975692 -4.72411386348 0.00149547366709 1.33775329167 0.00277587084714 1 /Users/zac/Research/muon_g2_2015/nmr/candella-lab-pulse-data/06_22_15/run-15/9.dat
10011.350388 -0.33241771961 2.46527766708 -4.99025960466 0.00351304115963 1.34290485842 0.00278121052502 1 /Users/zac/Research/muon_g2_2015/nmr/candella-lab-pulse-data/06_22_15/run-15/8.dat
10011.2993052 -0.303360006794 2.23967451304 -4.33135912059 0.00178555078234 1.3224264512 0.00275992325236 1 /Users/zac/Research/muon_g2_2015/nmr/candella-lab-pulse-data/06_22_15/run-15/11.dat
10011.6735428 -0.301999736593 2.240694304 -4.38817203646 0.00170889124242 1.39027137629 0.00282983446997 1 /Users/zac/Research/muon_g2_2015/nmr/candella-lab-pulse-data/06_22_15/run-15/10.dat
10011.3610198 -0.286320282099 2.07950198276 -3.92631840682 0.00124880652206 1.43260919161 0.00287259968385 10 /Users/zac/Research/muon_g2_2015/nmr/candella-lab-pulse-data/06_22_15/run-15/7.dat
10011.3276591 -0.272793333204 1.91720841105 -3.42980356504 0.00136690228428 1.34731088017 0.00278576931382 1 /Users/zac/Research/muon_g2_2015/nmr/candella-lab-pulse-data/06_22_15/run-15/13.dat
10011.5220322 -0.279399377887 2.07899553052 -3.94907809866 0.000357767582051 1.32458563721 0.00276217545973 1 /Users/zac/Research/muon_g2_2015/nmr/candella-lab-pulse-data/06_22_15/run-15/15.dat
10011.6059301 -0.265936079277 1.84671250705 -3.2403023568 0.00100164862582 1.40051346936 0.00284023900113 10 /Users/zac/Research/muon_g2_2015/nmr/candella-lab-pulse-data/06_22_15/run-15/12.dat
10012.1392939 -0.258731962616 1.88181462767 -3.39367824555 -6.87453997672e-05 1.28072226967 0.00271605601439 1 /Users/zac/Research/muon_g2_2015/nmr/candella-lab-pulse-data/06_22_15/run-16/2.dat
10011.7465177 -0.29696055943 2.17751648195 -4.20658192701 0.0017133708446 1.41590498046 0.00285580333487 10 /Users/zac/Research/muon_g2_2015/nmr/candella-lab-pulse-data/06_22_15/run-15/14.dat
10011.6235619 -0.277150114396 2.09324871419 -4.07978716329 0.000227377776277 1.38488323342 0.00282434548604 1 /Users/zac/Research/muon_g2_2015/nmr/candella-lab-pulse-data/06_22_15/run-16/3.dat
10010.7137033 -0.265936202985 1.95772167697 -3.77095140135 0.000170110355231 1.57941118336 0.00301619104437 10 /Users/zac/Research/muon_g2_2015/nmr/candella-lab-pulse-data/06_22_15/run-16/1.dat
10011.5566435 -0.237805478867 1.6164806933 -2.62844816502 8.76692766428e-05 1.3624107069 0.00280133640817 1 /Users/zac/Research/muon_g2_2015/nmr/candella-lab-pulse-data/06_22_15/run-16/6.dat
10011.6898682 -0.304444073777 2.32826168147 -4.75513430024 0.00156099261405 1.39765222983 0.00283733622326 1 /Users/zac/Research/muon_g2_2015/nmr/candella-lab-pulse-data/06_22_15/run-16/7.dat
10011.6798275 -0.281074859901 2.0111819703 -3.70125721753 0.00141322102224 1.30040608476 0.00273684837874 1 /Users/zac/Research/muon_g2_2015/nmr/candella-lab-pulse-data/06_22_15/run-16/4.dat
10011.5796422 -0.315045478605 2.34934336295 -4.65260536224 0.00218391357518 1.36302361124 0.00280196645247 1 /Users/zac/Research/muon_g2_2015/nmr/candella-lab-pulse-data/06_22_15/run-16/9.dat
10011.7817835 -0.236852118416 1.72592292171 -3.12595819404 -0.00101422920162 1.38668417383 0.00282618131783 1 /Users/zac/Research/muon_g2_2015/nmr/candella-lab-pulse-data/06_22_15/run-16/10.dat
10011.5036315 -0.291691268902 2.2153899707 -4.38716148536 0.000585966078721 1.38388922881 0.00282333171235 1 /Users/zac/Research/muon_g2_2015/nmr/candella-lab-pulse-data/06_22_15/run-16/11.dat
10011.5017036 -0.264422214119 1.90214722396 -3.35992143003 2.00577320004e-05 1.41206661074 0.00285192981644 10 /Users/zac/Research/muon_g2_2015/nmr/candella-lab-pulse-data/06_22_15/run-16/8.dat
10011.4749955 -0.270120094822 1.94775637408 -3.59220669649 0.000659052860177 1.42295139614 0.00286290063429 10 /Users/zac/Research/muon_g2_2015/nmr/candella-lab-pulse-data/06_22_15/run-16/5.dat
10012.1010333 -0.243647271689 1.78365700308 -3.21478670475 -0.000955767185261 1.30668312374 0.00274344578819 1 /Users/zac/Research/muon_g2_2015/nmr/candella-lab-pulse-data/06_22_15/run-16/12.dat
10011.5376492 -0.287272296523 2.20773888775 -4.47368373092 0.000577989663549 1.29735627065 0.00273363715934 1 /Users/zac/Research/muon_g2_2015/nmr/candella-lab-pulse-data/06_22_15/run-16/13.dat
10011.6869671 -0.277096506322 2.10765101338 -4.1366393601 5.50679474094e-05 1.37826929428 0.00281759314577 1 /Users/zac/Research/muon_g2_2015/nmr/candella-lab-pulse-data/06_22_15/run-16/15.dat
10011.3821352 -0.300677597992 2.22150073671 -4.32849284496 0.00182167536719 1.38406366765 0.00282350964682 1 /Users/zac/Research/muon_g2_2015/nmr/candella-lab-pulse-data/06_22_15/run-16/14.dat
10011.9448846 -0.240826227689 1.70274601938 -2.7983624513 -0.000822734595266 1.34649268479 0.00278492331392 1 /Users/zac/Research/muon_g2_2015/nmr/candella-lab-pulse-data/06_22_15/run-17/3.dat
10011.4133567 -0.296856771858 2.19246778153 -4.24257197506 0.00151576852427 1.33934233744 0.00277751901229 1 /Users/zac/Research/muon_g2_2015/nmr/candella-lab-pulse-data/06_22_15/run-17/4.dat
10011.0249636 -0.276992920998 2.09887739189 -4.20387549985 3.86730654026e-05 1.51336743374 0.0029524559977 10 /Users/zac/Research/muon_g2_2015/nmr/candella-lab-pulse-data/06_22_15/run-17/2.dat
10011.5264714 -0.294060104725 2.19956162067 -4.35754696221 0.00139762562814 1.3412578164 0.00277950445627 1 /Users/zac/Research/muon_g2_2015/nmr/candella-lab-pulse-data/06_22_15/run-17/7.dat
10012.1402742 -0.230213500117 1.67662354133 -2.88358381486 -0.00177965293385 1.31786721598 0.00275516154953 1 /Users/zac/Research/muon_g2_2015/nmr/candella-lab-pulse-data/06_22_15/run-17/8.dat
10011.4642395 -0.273199316388 1.94567640005 -3.47829077622 0.00080012552331 1.38826500563 0.0028277917944 1 /Users/zac/Research/muon_g2_2015/nmr/candella-lab-pulse-data/06_22_15/run-17/9.dat
10011.3706579 -0.289392463396 2.1477761666 -4.19513579985 0.00124072560294 1.40118135826 0.0028409161592 10 /Users/zac/Research/muon_g2_2015/nmr/candella-lab-pulse-data/06_22_15/run-17/5.dat
10011.5381642 -0.247956017706 1.69329101254 -2.76813693724 0.000260234642794 1.3619588968 0.00280087187239 1 /Users/zac/Research/muon_g2_2015/nmr/candella-lab-pulse-data/06_22_15/run-17/10.dat
10011.4329925 -0.295337327068 2.19959793665 -4.24464769123 0.00119766334213 1.34539981152 0.00278379290076 1 /Users/zac/Research/muon_g2_2015/nmr/candella-lab-pulse-data/06_22_15/run-17/11.dat
10011.418981 -0.275620741513 2.06090235498 -3.9347609375 0.000179771972103 1.34428021991 0.00278263437531 1 /Users/zac/Research/muon_g2_2015/nmr/candella-lab-pulse-data/06_22_15/run-17/12.dat
10012.0263974 -0.287077294569 2.19083414568 -4.44541127459 0.000692130650426 1.41141540271 0.00285127212304 10 /Users/zac/Research/muon_g2_2015/nmr/candella-lab-pulse-data/06_22_15/run-17/6.dat
10011.4467902 -0.297033256571 2.22836974523 -4.35257991987 0.00112014003342 1.26854690507 0.00270311490196 1 /Users/zac/Research/muon_g2_2015/nmr/candella-lab-pulse-data/06_22_15/run-17/13.dat
10011.9125364 -0.294820793517 2.28795558264 -4.64883446086 0.000405217258384 1.30581920889 0.00274253872228 1 /Users/zac/Research/muon_g2_2015/nmr/candella-lab-pulse-data/06_22_15/run-17/15.dat
10011.6408606 -0.284379301285 2.12498035625 -4.0231126248 0.000400252973065 1.45759168706 0.00289753828576 10 /Users/zac/Research/muon_g2_2015/nmr/candella-lab-pulse-data/06_22_15/run-17/14.dat
10011.7205004 -0.267399059468 1.96883002462 -3.57328417264 -0.000206585812302 1.26219568663 0.00269633958451 1 /Users/zac/Research/muon_g2_2015/nmr/candella-lab-pulse-data/06_22_15/run-18/3.dat
10011.6449668 -0.27450695187 2.0293434099 -3.85395710624 0.000287393899865 1.32822654377 0.00276596906926 1 /Users/zac/Research/muon_g2_2015/nmr/candella-lab-pulse-data/06_22_15/run-18/4.dat
10011.1020474 -0.259892793254 1.94772259763 -3.83259058349 -0.000441099986652 1.48999006634 0.00292956358219 10 /Users/zac/Research/muon_g2_2015/nmr/candella-lab-pulse-data/06_22_15/run-18/2.dat
10011.5820961 -0.274909337927 1.9754566852 -3.60247028388 0.000766674735262 1.36572822549 0.00280474501137 1 /Users/zac/Research/muon_g2_2015/nmr/candella-lab-pulse-data/06_22_15/run-18/5.dat
10011.7106658 -0.267734268537 1.94109716143 -3.61685361068 0.000633421525902 1.33909049847 0.00277725786904 1 /Users/zac/Research/muon_g2_2015/nmr/candella-lab-pulse-data/06_22_15/run-18/6.dat
10011.8460557 -0.267372283375 1.99659627206 -3.77113829555 -0.00021299669656 1.3500640796 0.00278861418961 1 /Users/zac/Research/muon_g2_2015/nmr/candella-lab-pulse-data/06_22_15/run-18/7.dat
10011.5587663 -0.330845586143 2.55533382079 -5.31246798452 0.00226918496501 1.36433080161 0.00280330972553 1 /Users/zac/Research/muon_g2_2015/nmr/candella-lab-pulse-data/06_22_15/run-18/9.dat
10011.5591129 -0.288449921448 2.15299634512 -4.22904000062 0.00110719641994 1.3216322445 0.00275909436742 1 /Users/zac/Research/muon_g2_2015/nmr/candella-lab-pulse-data/06_22_15/run-18/8.dat
10011.4137587 -0.246311388953 1.76577677406 -3.12093925738 -0.000181040060401 1.37083572039 0.00280998465288 1 /Users/zac/Research/muon_g2_2015/nmr/candella-lab-pulse-data/06_22_15/run-18/10.dat
10011.5888318 -0.236237366394 1.72913442998 -3.05022557227 -0.00147859512209 1.29549466231 0.00273167517376 1 /Users/zac/Research/muon_g2_2015/nmr/candella-lab-pulse-data/06_22_15/run-18/12.dat
10011.5949454 -0.28243601295 2.12141157495 -4.05273207652 0.000170710520786 1.35515874467 0.00279387085767 1 /Users/zac/Research/muon_g2_2015/nmr/candella-lab-pulse-data/06_22_15/run-18/14.dat
10011.9220896 -0.296647211286 2.26104699863 -4.56806463943 0.000974663829519 1.37909160388 0.00281843354336 1 /Users/zac/Research/muon_g2_2015/nmr/candella-lab-pulse-data/06_22_15/run-18/15.dat
10011.5463896 -0.306405486036 2.34422871634 -4.7810820871 0.00156408995631 1.41805929016 0.00285797507185 10 /Users/zac/Research/muon_g2_2015/nmr/candella-lab-pulse-data/06_22_15/run-18/11.dat
10011.7908989 -0.26949460907 2.07393796579 -3.97328353133 -0.000796341490357 1.30850711891 0.00274535990445 1 /Users/zac/Research/muon_g2_2015/nmr/candella-lab-pulse-data/06_22_15/run-19/2.dat
10011.7924122 -0.262228226622 1.88870601339 -3.48955975307 0.000527520609525 1.39706948567 0.00283674465496 1 /Users/zac/Research/muon_g2_2015/nmr/candella-lab-pulse-data/06_22_15/run-19/3.dat
10010.6761389 -0.292893122675 2.13062345356 -4.2557484797 0.00210424670476 1.63254170371 0.00306650292897 10 /Users/zac/Research/muon_g2_2015/nmr/candella-lab-pulse-data/06_22_15/run-19/1.dat
10011.7766405 -0.280091943949 2.06395194431 -3.83554602818 0.000317969247624 1.23301463256 0.00266498860852 1 /Users/zac/Research/muon_g2_2015/nmr/candella-lab-pulse-data/06_22_15/run-19/5.dat
10011.6513835 -0.268933447228 2.01209706941 -3.79933018536 -0.000218689461591 1.28528513918 0.00272089000176 1 /Users/zac/Research/muon_g2_2015/nmr/candella-lab-pulse-data/06_22_15/run-19/6.dat
10011.7503089 -0.279259796401 2.0070666049 -3.54714308605 0.00060815366736 1.41311523992 0.00285298857024 10 /Users/zac/Research/muon_g2_2015/nmr/candella-lab-pulse-data/06_22_15/run-19/7.dat
10011.6068176 -0.273301458478 1.96274799487 -3.63957139688 0.00115157202317 1.3427053001 0.00278100387065 1 /Users/zac/Research/muon_g2_2015/nmr/candella-lab-pulse-data/06_22_15/run-19/4.dat
10011.6505128 -0.295640146246 2.16651997343 -4.20169525958 0.00181830583694 1.30095789994 0.00273742899518 1 /Users/zac/Research/muon_g2_2015/nmr/candella-lab-pulse-data/06_22_15/run-19/9.dat
10011.5705235 -0.287639722704 2.2016056938 -4.32764939805 0.000203638093222 1.38809808042 0.0028276217822 1 /Users/zac/Research/muon_g2_2015/nmr/candella-lab-pulse-data/06_22_15/run-19/8.dat
10011.7192789 -0.293726278431 2.27012978948 -4.66666826448 0.000773470472226 1.28848416287 0.00272427399101 1 /Users/zac/Research/muon_g2_2015/nmr/candella-lab-pulse-data/06_22_15/run-18/13.dat
10011.9674029 -0.253336348932 1.8356334991 -3.25933346098 -0.000516713103227 1.39347285625 0.00283309083017 1 /Users/zac/Research/muon_g2_2015/nmr/candella-lab-pulse-data/06_22_15/run-19/11.dat
10011.4720099 -0.286343122158 2.13542284291 -4.04937812555 0.000574524324394 1.2985312121 0.0027348747287 1 /Users/zac/Research/muon_g2_2015/nmr/candella-lab-pulse-data/06_22_15/run-19/12.dat
10011.4729433 -0.279645635268 2.08448502444 -3.97645811577 0.000359534697323 1.3438564468 0.00278219573962 1 /Users/zac/Research/muon_g2_2015/nmr/candella-lab-pulse-data/06_22_15/run-19/14.dat
10011.4476804 -0.298748041812 2.20851667411 -4.21659510173 0.00142727310408 1.40438568162 0.00284416271091 10 /Users/zac/Research/muon_g2_2015/nmr/candella-lab-pulse-data/06_22_15/run-19/10.dat
10010.8452257 -0.281325659156 2.10168809261 -4.24977978688 0.00094805963955 1.57634232712 0.00301325933238 10 /Users/zac/Research/muon_g2_2015/nmr/candella-lab-pulse-data/06_22_15/run-20/2.dat
10011.6154677 -0.309985782186 2.35762571142 -4.77082075964 0.00178019703748 1.39620653135 0.00283586840678 1 /Users/zac/Research/muon_g2_2015/nmr/candella-lab-pulse-data/06_22_15/run-20/3.dat
10011.3131526 -0.313083365647 2.25570788765 -4.30480379984 0.00292357491315 1.43967628566 0.00287967626746 10 /Users/zac/Research/muon_g2_2015/nmr/candella-lab-pulse-data/06_22_15/run-19/15.dat
10011.4875736 -0.313315681026 2.34188919586 -4.67681744182 0.00235588771429 1.4070004631 0.00284680920812 10 /Users/zac/Research/muon_g2_2015/nmr/candella-lab-pulse-data/06_22_15/run-19/13.dat
10011.5923075 -0.259328921093 1.87736492174 -3.42741513676 0.000186646548552 1.34430033308 0.00278265519217 1 /Users/zac/Research/muon_g2_2015/nmr/candella-lab-pulse-data/06_22_15/run-20/5.dat
10011.6665315 -0.29861483308 2.23285730772 -4.46233936643 0.00166138679681 1.31809383317 0.00275539842474 1 /Users/zac/Research/muon_g2_2015/nmr/candella-lab-pulse-data/06_22_15/run-20/6.dat
10011.5657408 -0.281727211513 1.99075943442 -3.57534749518 0.00153783251609 1.32584936272 0.00276349277714 1 /Users/zac/Research/muon_g2_2015/nmr/candella-lab-pulse-data/06_22_15/run-20/7.dat
10011.4661096 -0.268771295254 1.97359990381 -3.71126337937 0.000370877101845 1.35746264523 0.00279624477407 1 /Users/zac/Research/muon_g2_2015/nmr/candella-lab-pulse-data/06_22_15/run-20/8.dat
10011.3820237 -0.286453682317 2.11591730966 -4.10843346915 0.00128914223369 1.30672525945 0.00274349002083 1 /Users/zac/Research/muon_g2_2015/nmr/candella-lab-pulse-data/06_22_15/run-20/10.dat
10011.8182923 -0.26538370808 1.92841262159 -3.55426656117 0.000282103368109 1.34126111479 0.00277950787392 1 /Users/zac/Research/muon_g2_2015/nmr/candella-lab-pulse-data/06_22_15/run-20/11.dat
10011.8933848 -0.278010832284 2.02798439148 -3.70541393421 0.000435546802609 1.39728012573 0.00283695849885 1 /Users/zac/Research/muon_g2_2015/nmr/candella-lab-pulse-data/06_22_15/run-20/9.dat
10011.4689073 -0.288381730828 2.05643041847 -3.82886812646 0.00186600509924 1.40588385228 0.00284567935459 10 /Users/zac/Research/muon_g2_2015/nmr/candella-lab-pulse-data/06_22_15/run-20/4.dat
10011.4234953 -0.277094562909 2.01883867689 -3.81557613238 0.00107129649481 1.3352161488 0.00277323728106 1 /Users/zac/Research/muon_g2_2015/nmr/candella-lab-pulse-data/06_22_15/run-20/13.dat
10011.6652388 -0.297607357938 2.21360463745 -4.27868724537 0.00132924864439 1.3270954939 0.00276479113946 1 /Users/zac/Research/muon_g2_2015/nmr/candella-lab-pulse-data/06_22_15/run-20/14.dat
10011.7175871 -0.248141439482 1.80534971898 -3.16173047118 -0.00109580321061 1.34708810862 0.00278553899733 1 /Users/zac/Research/muon_g2_2015/nmr/candella-lab-pulse-data/06_22_15/run-20/12.dat
10011.4342511 -0.251716567577 1.75091350685 -3.01420935984 0.000421620594898 1.35674460587 0.00279550512964 1 /Users/zac/Research/muon_g2_2015/nmr/candella-lab-pulse-data/06_22_15/run-20/15.dat
10011.6303471 -0.321667893989 2.48524962616 -5.14390971056 0.00198917142834 1.34684577285 0.00278528843239 1 /Users/zac/Research/muon_g2_2015/nmr/candella-lab-pulse-data/06_22_15/run-21/2.dat
10011.5701694 -0.320539590587 2.48959259441 -5.19217740059 0.00165165506979 1.29350940758 0.00272958132095 1 /Users/zac/Research/muon_g2_2015/nmr/candella-lab-pulse-data/06_22_15/run-21/4.dat
10012.0596866 -0.23344657277 1.62867239509 -2.66426313377 -0.00107586287001 1.3875030092 0.00282701562306 1 /Users/zac/Research/muon_g2_2015/nmr/candella-lab-pulse-data/06_22_15/run-21/5.dat
10011.8910818 -0.273187331744 2.05440292693 -3.88322874909 -0.000251431272548 1.32725970692 0.00276496218996 1 /Users/zac/Research/muon_g2_2015/nmr/candella-lab-pulse-data/06_22_15/run-21/6.dat
10011.636466 -0.307704731701 2.34982432982 -4.72444989046 0.00132456901304 1.33373114987 0.00277169468435 1 /Users/zac/Research/muon_g2_2015/nmr/candella-lab-pulse-data/06_22_15/run-21/7.dat
10011.510107 -0.273513099048 1.94216426974 -3.56169387406 0.00116566631366 1.38266222096 0.00282207979914 1 /Users/zac/Research/muon_g2_2015/nmr/candella-lab-pulse-data/06_22_15/run-21/8.dat
10011.8383872 -0.274689815216 2.04184467839 -3.86234732407 0.000139337021415 1.36815239422 0.00280723312012 1 /Users/zac/Research/muon_g2_2015/nmr/candella-lab-pulse-data/06_22_15/run-21/9.dat
10011.4973523 -0.302606175279 2.29844734924 -4.57291936563 0.00113191264947 1.28238899616 0.00271782277161 1 /Users/zac/Research/muon_g2_2015/nmr/candella-lab-pulse-data/06_22_15/run-21/10.dat
10011.5587055 -0.309091454517 2.38332428559 -4.8610008777 0.00119742368582 1.33812654521 0.00277625807525 1 /Users/zac/Research/muon_g2_2015/nmr/candella-lab-pulse-data/06_22_15/run-21/11.dat
10011.396412 -0.271994755517 1.93506464491 -3.57675620406 0.00115784319771 1.27433888799 0.00270927886989 1 /Users/zac/Research/muon_g2_2015/nmr/candella-lab-pulse-data/06_22_15/run-21/12.dat
10011.9607377 -0.265498128376 1.98667078773 -3.7644033762 -0.000422319518223 1.31325189597 0.00275033287454 1 /Users/zac/Research/muon_g2_2015/nmr/candella-lab-pulse-data/06_22_15/run-21/13.dat
10011.4580695 -0.269839936425 1.96942523712 -3.70775451079 0.000468543439412 1.44650237304 0.00288649504914 10 /Users/zac/Research/muon_g2_2015/nmr/candella-lab-pulse-data/06_22_15/run-21/3.dat
10011.6180411 -0.289615712977 2.21726729035 -4.41108560955 0.000364102205573 1.2991336458 0.0027355090568 1 /Users/zac/Research/muon_g2_2015/nmr/candella-lab-pulse-data/06_22_15/run-21/15.dat
10010.7489899 -0.261899845182 1.90408416665 -3.63219424664 0.000113182418852 1.55191363898 0.00298981982075 10 /Users/zac/Research/muon_g2_2015/nmr/candella-lab-pulse-data/06_22_15/run-21/1.dat
10011.9131535 -0.278633426908 2.10676340723 -3.96590242826 -0.000279926837738 1.29202056593 0.00272800998161 1 /Users/zac/Research/muon_g2_2015/nmr/candella-lab-pulse-data/06_22_15/run-22/2.dat
10011.3759273 -0.275067095716 1.92624772171 -3.42518684341 0.00141311600226 1.35241199647 0.00279103799681 1 /Users/zac/Research/muon_g2_2015/nmr/candella-lab-pulse-data/06_22_15/run-22/3.dat
10011.7842145 -0.258114471998 1.84226358143 -3.30523387845 0.000196577294637 1.41970511586 0.00285963310013 10 /Users/zac/Research/muon_g2_2015/nmr/candella-lab-pulse-data/06_22_15/run-21/14.dat
10010.6449859 -0.281049910954 2.10174888021 -4.16434095478 0.000441793345213 1.57419417913 0.00301120548482 10 /Users/zac/Research/muon_g2_2015/nmr/candella-lab-pulse-data/06_22_15/run-22/1.dat
10011.4256903 -0.313848830891 2.37248880955 -4.79240757363 0.00211251034364 1.36328614681 0.00280223628654 1 /Users/zac/Research/muon_g2_2015/nmr/candella-lab-pulse-data/06_22_15/run-22/5.dat
10011.5617991 -0.279824305419 2.03683481341 -3.8996616427 0.00130376102524 1.29291404238 0.00272895307474 1 /Users/zac/Research/muon_g2_2015/nmr/candella-lab-pulse-data/06_22_15/run-22/4.dat
10011.8883982 -0.267468825917 1.98894552306 -3.67664941617 -0.000382232421613 1.38736619317 0.00282687623936 1 /Users/zac/Research/muon_g2_2015/nmr/candella-lab-pulse-data/06_22_15/run-22/7.dat
10011.4504443 -0.315725971339 2.39790167599 -4.79884266709 0.00171147689928 1.32146263131 0.00275891731597 1 /Users/zac/Research/muon_g2_2015/nmr/candella-lab-pulse-data/06_22_15/run-22/8.dat
10011.6084814 -0.270358687501 1.97088399637 -3.6692838808 0.000546718035891 1.37160314112 0.00281077108511 1 /Users/zac/Research/muon_g2_2015/nmr/candella-lab-pulse-data/06_22_15/run-22/6.dat
10011.6295374 -0.286426646026 2.16188371023 -4.23028788293 0.000605652081065 1.29884824961 0.00273520856933 1 /Users/zac/Research/muon_g2_2015/nmr/candella-lab-pulse-data/06_22_15/run-22/10.dat
10011.7196839 -0.271593698887 2.01712831898 -3.87682101934 0.000394998795337 1.44321278749 0.00288321099747 10 /Users/zac/Research/muon_g2_2015/nmr/candella-lab-pulse-data/06_22_15/run-22/9.dat
10011.8222477 -0.263029843281 1.92219130543 -3.51215876173 -0.00018086651247 1.34810516275 0.00278659034259 1 /Users/zac/Research/muon_g2_2015/nmr/candella-lab-pulse-data/06_22_15/run-22/12.dat
10011.500457 -0.275859945367 2.02258558556 -3.75571344065 0.000297672496458 1.32315040493 0.00276067859998 1 /Users/zac/Research/muon_g2_2015/nmr/candella-lab-pulse-data/06_22_15/run-22/14.dat
10011.6261854 -0.282785121816 2.11121089667 -4.00976104947 0.00041513398882 1.31848791685 0.00275581029845 1 /Users/zac/Research/muon_g2_2015/nmr/candella-lab-pulse-data/06_22_15/run-22/13.dat
10011.4218443 -0.297366395058 2.19280244494 -4.29485618291 0.00184666593524 1.37265823101 0.00281185195389 1 /Users/zac/Research/muon_g2_2015/nmr/candella-lab-pulse-data/06_22_15/run-22/15.dat
10011.6814758 -0.291973439659 2.17144608632 -4.21057040977 0.00111336256889 1.41124130736 0.00285109626817 10 /Users/zac/Research/muon_g2_2015/nmr/candella-lab-pulse-data/06_22_15/run-22/11.dat
10011.932868 -0.249205510916 1.78792224782 -3.09521548396 -0.000651176900931 1.33297371236 0.00277090753782 1 /Users/zac/Research/muon_g2_2015/nmr/candella-lab-pulse-data/06_22_15/run-23/2.dat
10011.4367168 -0.292021522173 2.19663642253 -4.24908680169 0.000733899586531 1.33620564019 0.0027742646751 1 /Users/zac/Research/muon_g2_2015/nmr/candella-lab-pulse-data/06_22_15/run-23/3.dat
10011.2877205 -0.317636712663 2.4095433679 -4.83429372728 0.00198299004629 1.33338040333 0.00277133020826 1 /Users/zac/Research/muon_g2_2015/nmr/candella-lab-pulse-data/06_22_15/run-23/4.dat
10011.7364022 -0.268249494318 2.03400160447 -3.94915114169 -0.000265020118337 1.26877616899 0.0027033591573 1 /Users/zac/Research/muon_g2_2015/nmr/candella-lab-pulse-data/06_22_15/run-23/6.dat
10012.0005603 -0.250288578522 1.88339132946 -3.51024228262 -0.00128655844969 1.34623984896 0.00278466183405 1 /Users/zac/Research/muon_g2_2015/nmr/candella-lab-pulse-data/06_22_15/run-23/5.dat
10011.6924683 -0.304581511201 2.26307850356 -4.372684188 0.00159085293207 1.29741281511 0.00273369673063 1 /Users/zac/Research/muon_g2_2015/nmr/candella-lab-pulse-data/06_22_15/run-23/7.dat
10010.8686917 -0.279553237917 2.06106308344 -4.05745621128 0.000896448479274 1.66025439923 0.00309242062785 10 /Users/zac/Research/muon_g2_2015/nmr/candella-lab-pulse-data/06_22_15/run-23/1.dat
10011.5914043 -0.247536603424 1.76235857702 -3.0272359854 -0.000512740166257 1.3920295075 0.0028316232029 1 /Users/zac/Research/muon_g2_2015/nmr/candella-lab-pulse-data/06_22_15/run-23/8.dat
10011.6821537 -0.267397669705 1.93291600128 -3.52806142539 0.000398441091519 1.35009117693 0.00278864217481 1 /Users/zac/Research/muon_g2_2015/nmr/candella-lab-pulse-data/06_22_15/run-23/9.dat
10011.2316457 -0.308429221883 2.26279799016 -4.39636836675 0.00247704224636 1.35595986799 0.00279469655591 1 /Users/zac/Research/muon_g2_2015/nmr/candella-lab-pulse-data/06_22_15/run-23/10.dat
10011.5200619 -0.277466527245 1.95414806451 -3.54488729147 0.00157226994039 1.29893087787 0.00273529557023 1 /Users/zac/Research/muon_g2_2015/nmr/candella-lab-pulse-data/06_22_15/run-23/11.dat
10011.6366301 -0.282789460172 2.02268990506 -3.71875205568 0.0013878192677 1.39698608407 0.00283665998038 1 /Users/zac/Research/muon_g2_2015/nmr/candella-lab-pulse-data/06_22_15/run-23/12.dat
10011.8466025 -0.261743631726 1.89856927421 -3.45322887281 7.02825527491e-05 1.33652915391 0.00277460049854 1 /Users/zac/Research/muon_g2_2015/nmr/candella-lab-pulse-data/06_22_15/run-23/14.dat
10011.6195679 -0.304667930263 2.25851011585 -4.3357253721 0.00149522480356 1.3825096142 0.00282192405599 1 /Users/zac/Research/muon_g2_2015/nmr/candella-lab-pulse-data/06_22_15/run-23/13.dat
10011.6797297 -0.285474229172 2.10024374706 -4.03007260301 0.00107685188242 1.35093221784 0.00278951063356 1 /Users/zac/Research/muon_g2_2015/nmr/candella-lab-pulse-data/06_22_15/run-23/15.dat
10011.8182485 -0.268926973751 2.02248064524 -3.78520257718 -0.000613080373285 1.36406268769 0.00280303426327 1 /Users/zac/Research/muon_g2_2015/nmr/candella-lab-pulse-data/06_22_15/run-24/4.dat
10011.8085291 -0.280770331846 2.10177971627 -4.00815409531 0.000308045094704 1.38616057528 0.00282564769807 1 /Users/zac/Research/muon_g2_2015/nmr/candella-lab-pulse-data/06_22_15/run-24/5.dat
10012.0832349 -0.250526868856 1.80208930897 -3.22848505126 -0.000174069093951 1.42675438417 0.00286672378384 10 /Users/zac/Research/muon_g2_2015/nmr/candella-lab-pulse-data/06_22_15/run-24/3.dat
10011.1514398 -0.244986375643 1.80761763615 -3.46985565207 -0.000915133042722 1.54647189111 0.00298457335189 10 /Users/zac/Research/muon_g2_2015/nmr/candella-lab-pulse-data/06_22_15/run-24/2.dat
10011.9964385 -0.281621566495 2.15245288102 -4.217696449 -0.00022952230175 1.34113798966 0.00277938029432 1 /Users/zac/Research/muon_g2_2015/nmr/candella-lab-pulse-data/06_22_15/run-24/7.dat
10011.5202666 -0.248698330794 1.76121974989 -3.07248830528 -0.000188511844245 1.38178291986 0.00282118230861 1 /Users/zac/Research/muon_g2_2015/nmr/candella-lab-pulse-data/06_22_15/run-24/6.dat
10011.622605 -0.272061524994 1.93656008455 -3.37261161636 0.000552145691068 1.36663151776 0.00280567238685 1 /Users/zac/Research/muon_g2_2015/nmr/candella-lab-pulse-data/06_22_15/run-24/9.dat
10011.423762 -0.304889283613 2.35020279737 -4.82363031402 0.00124977855166 1.34689365382 0.00278533794107 1 /Users/zac/Research/muon_g2_2015/nmr/candella-lab-pulse-data/06_22_15/run-24/10.dat
10011.451236 -0.284518409183 2.02152780699 -3.68730384692 0.00167316849141 1.23432484482 0.00266640415281 1 /Users/zac/Research/muon_g2_2015/nmr/candella-lab-pulse-data/06_22_15/run-24/11.dat
10011.8492128 -0.261163411426 1.89921958796 -3.58080624203 0.000496235112338 1.37514959943 0.00281440254632 1 /Users/zac/Research/muon_g2_2015/nmr/candella-lab-pulse-data/06_22_15/run-24/12.dat
10011.7562927 -0.251764634333 1.80899731164 -3.13790193041 -0.000714636759366 1.40399266487 0.00284376471419 10 /Users/zac/Research/muon_g2_2015/nmr/candella-lab-pulse-data/06_22_15/run-24/8.dat
10011.8227908 -0.269150592412 1.98676004646 -3.68877410756 -5.66557477193e-05 1.30210273082 0.00273863318637 1 /Users/zac/Research/muon_g2_2015/nmr/candella-lab-pulse-data/06_22_15/run-24/15.dat
10011.4524361 -0.275837492003 2.03864132671 -3.76422565186 0.000255989646153 1.41426114752 0.00285414509262 10 /Users/zac/Research/muon_g2_2015/nmr/candella-lab-pulse-data/06_22_15/run-24/13.dat
10011.5849505 -0.320879656818 2.39911879844 -4.74364610692 0.00244632417057 1.39626331789 0.00283592607644 1 /Users/zac/Research/muon_g2_2015/nmr/candella-lab-pulse-data/06_22_15/run-25/2.dat
10011.8024197 -0.257079023009 1.87433405515 -3.37707555995 -0.000425295968839 1.35121846008 0.00278980614561 1 /Users/zac/Research/muon_g2_2015/nmr/candella-lab-pulse-data/06_22_15/run-25/3.dat
10011.6086343 -0.276063202371 1.93581889515 -3.43111362441 0.00137010093848 1.36712739871 0.00280618135846 1 /Users/zac/Research/muon_g2_2015/nmr/candella-lab-pulse-data/06_22_15/run-25/4.dat
10011.1352896 -0.312235319459 2.31146862704 -4.54510844004 0.00234701379873 1.38667205672 0.00282616896995 1 /Users/zac/Research/muon_g2_2015/nmr/candella-lab-pulse-data/06_22_15/run-25/5.dat
10011.5060348 -0.287811946644 2.07629914016 -3.86802630909 0.00163535023628 1.33301583051 0.00277095131386 1 /Users/zac/Research/muon_g2_2015/nmr/candella-lab-pulse-data/06_22_15/run-25/6.dat
10011.4490008 -0.259428926682 1.9128378408 -3.52761617802 -0.000337039808957 1.35432637151 0.0027930126924 1 /Users/zac/Research/muon_g2_2015/nmr/candella-lab-pulse-data/06_22_15/run-25/7.dat
10011.2100565 -0.277770635437 2.14272930635 -4.39585813109 -0.000261109460438 1.46661652658 0.00290649465733 10 /Users/zac/Research/muon_g2_2015/nmr/candella-lab-pulse-data/06_22_15/run-25/1.dat
10011.8882758 -0.258496821165 1.97164389501 -3.82831313578 -0.000756860294761 1.36403463336 0.00280300543848 1 /Users/zac/Research/muon_g2_2015/nmr/candella-lab-pulse-data/06_22_15/run-25/9.dat
10011.8930697 -0.262756399313 1.93173305621 -3.54901608921 -0.000361405293623 1.36809098943 0.00280717012294 1 /Users/zac/Research/muon_g2_2015/nmr/candella-lab-pulse-data/06_22_15/run-25/8.dat
10011.8242983 -0.260179425264 1.89779242174 -3.53145915709 0.000120285678878 1.31171206698 0.00274871997589 1 /Users/zac/Research/muon_g2_2015/nmr/candella-lab-pulse-data/06_22_15/run-25/11.dat
10011.8458925 -0.26666153625 1.95425195627 -3.64176279755 0.000110844551467 1.32288714501 0.00276040394784 1 /Users/zac/Research/muon_g2_2015/nmr/candella-lab-pulse-data/06_22_15/run-25/10.dat
10011.3525367 -0.312576692373 2.36308401844 -4.76880966707 0.00202525450984 1.35325718816 0.00279190999206 1 /Users/zac/Research/muon_g2_2015/nmr/candella-lab-pulse-data/06_22_15/run-25/12.dat
10011.9289223 -0.269838681916 2.01940243343 -3.77606328567 -0.000503981788735 1.30591000175 0.0027426340642 1 /Users/zac/Research/muon_g2_2015/nmr/candella-lab-pulse-data/06_22_15/run-25/14.dat
10011.8152983 -0.253609028631 1.90138634703 -3.5361576794 -0.00103721368308 1.29972822284 0.00273613496809 1 /Users/zac/Research/muon_g2_2015/nmr/candella-lab-pulse-data/06_22_15/run-25/15.dat
10011.6923932 -0.258485903226 1.87469991049 -3.44498033502 6.99071334847e-05 1.42678020852 0.00286674972766 10 /Users/zac/Research/muon_g2_2015/nmr/candella-lab-pulse-data/06_22_15/run-25/13.dat
10011.6261902 -0.264625054836 1.9710327053 -3.66517193887 -0.000432928331343 1.41025666153 0.00285010146669 10 /Users/zac/Research/muon_g2_2015/nmr/candella-lab-pulse-data/06_22_15/run-24/14.dat
