10011.446648
10011.902901
10010.760350
10011.513051
10011.466460
10011.594504
10011.646470
10011.408204
10011.130526
10011.402086
10011.284017
10011.378658
10011.536240
10011.631157
10011.617109
10010.682862
10011.094468
10011.904029
10011.649861
10011.703235
10011.451302
10011.493888
10011.618577
10011.636378
10011.420590
10011.161716
10011.325126
10011.790139
10011.443027
10011.538064
10010.943131
10011.551574
10011.401964
10011.566923
10011.333687
10011.537134
10011.133312
10011.688338
10011.642093
10011.041297
10011.565398
10012.065641
10011.684018
10011.615634
10010.697694
10011.520203
10011.670910
10011.556620
10011.822940
10011.807235
10011.565170
10011.697644
10011.432182
10011.758443
10011.764371
10011.398389
10011.423519
10011.412510
10011.597358
10011.687496
10010.503722
10011.866221
10011.233531
10011.705347
10011.482610
10012.054585
10011.733350
10011.484906
10011.720371
10011.477566
10011.635469
10011.651864
10011.989235
10011.779576
10010.825369
10011.581710
10011.581585
10011.260370
10011.618370
10011.595494
10011.815096
10011.421028
10011.584588
10011.482994
10011.797668
10011.551173
10011.419120
10011.502044
10011.580547
10011.014736
10011.446164
10011.572955
10011.772569
10011.432749
10011.763207
10011.303737
10011.495261
10011.356955
10011.498328
10011.456212
10011.684021
10011.747548
10011.693963
10011.511531
10011.352577
10010.946384
10011.549033
10011.730290
10011.556185
10011.773559
10011.685803
10011.377998
10011.771377
10011.488745
10011.431238
10011.743525
10011.583453
10011.518416
10011.728568
10011.448448
10010.663539
10012.028284
10011.583640
10011.735277
10011.519070
10011.512093
10011.846621
10011.504247
10011.674274
10011.476242
10011.424996
10011.581707
10011.847850
10011.521174
10011.600598
10010.982702
10011.636398
10011.618127
10011.423932
10012.054774
10011.652290
10011.871413
10011.446196
10011.406753
10011.405581
10011.374920
10011.611840
10011.558237
10011.885660
10010.999095
10011.506254
10011.567707
10011.516738
10011.652888
10011.731109
10011.666328
10011.747026
10011.244908
10011.676760
10011.612320
10011.332561
10011.792570
10011.090187
10011.903664
10011.657086
10011.767186
10011.751069
10011.699499
10011.802395
10011.691077
10011.473873
10011.508815
10011.670944
10011.901341
10011.555244
10011.444762
10011.695862
10011.868290
10010.863151
10011.774478
10011.551419
10011.636082
10012.066260
10011.359769
10011.664693
10011.867521
10011.762462
10011.458702
10011.424455
10011.469345
10011.465035
10011.701337
10011.890890
10010.705315
10011.375082
10011.756089
10011.778010
10011.803741
10011.696284
10011.575282
10011.650775
10011.769556
10011.626322
10011.865331
10011.643031
10011.716433
10011.966497
10011.669856
10011.387220
10011.529403
10011.640337
10011.600912
10011.802702
10010.595402
10011.631211
10011.715914
10011.534962
10011.735554
10011.819202
10011.563081
10011.578141
10010.905884
10011.605906
10011.751164
10011.611337
10011.451273
10011.625004
10011.663360
10011.847956
10011.390359
10011.611386
10011.536680
10011.549860
10011.782108
10011.704900
10011.686937
10011.680750
10010.996152
10011.960265
10011.635518
10011.783099
10011.350115
10011.906787
10011.601038
10011.616984
10011.611215
10011.499406
10011.858984
10011.420324
10011.737225
10011.493581
10011.807338
10011.094099
10011.684323
10011.629641
10011.325911
10011.760044
10011.401452
10011.749846
10011.762721
10011.702426
10011.790682
10011.651103
10011.574226
10011.824856
10011.608633
