10011.480556
10010.789983
10011.882099
10011.561520
10011.496028
10011.649252
10011.652609
10011.465359
10011.169976
10011.408862
10011.335409
10011.527299
10011.397089
10011.661416
10010.712260
10011.605373
10011.719699
10011.133873
10011.893833
10011.708700
10011.499335
10011.627339
10011.485743
10011.648418
10011.442698
10011.804315
10011.361531
10011.552532
10011.469679
10011.209544
10011.600062
10011.631455
10010.970826
10011.428942
10011.544987
10011.366809
10011.162537
10011.628421
10011.712463
10010.943619
10011.596198
10011.667810
10011.670591
10012.060035
10010.741470
10011.576252
10011.683837
10011.729128
10011.841272
10011.554963
10011.566145
10011.817600
10011.472501
10011.731229
10011.738259
10011.445731
10011.576801
10011.456515
10011.403937
10011.688017
10011.899747
10010.539446
10011.510840
10011.685569
10011.761532
10011.485746
10011.763028
10011.243694
10011.498728
10012.075530
10011.644924
10012.012974
10011.681980
10010.833928
10011.834397
10011.619806
10011.269425
10011.622727
10011.825726
10011.424210
10011.621225
10011.620734
10011.576567
10011.483841
10011.772656
10011.592834
10011.432469
10011.586140
10011.531727
10011.011557
10011.438343
10011.441422
10011.765615
10011.599327
10011.795600
10011.345271
10011.518513
10011.379567
10011.528987
10011.489287
10011.716774
10011.742725
10011.534417
10011.732854
10011.397882
10010.955904
10011.552303
10011.751242
10011.817958
10011.570155
10011.691496
10011.396135
10011.801927
10011.496670
10011.462737
10011.776679
10011.622661
10011.524753
10011.766673
10011.487562
10010.692882
10011.584133
10012.036073
10011.548186
10011.786437
10011.845313
10011.535491
10011.525748
10011.432719
10011.495565
10011.557232
10011.861278
10011.619964
10011.519074
10011.737560
10010.983970
10011.628661
10011.698879
10012.044670
10011.649518
10011.424581
10011.892406
10011.485477
10011.451530
10011.452730
10011.373201
10011.638792
10011.873234
10011.014403
10011.592129
10011.618208
10011.549116
10011.684915
10011.493208
10011.738168
10011.682731
10011.275153
10011.687761
10011.803798
10011.334384
10011.627004
10011.913763
10011.766505
10011.091186
10011.668061
10011.753782
10011.743270
10011.860129
10011.692134
10011.485814
10011.703462
10011.773283
10011.569152
10011.584453
10011.926439
10011.730700
10011.462293
10011.904639
10010.879554
10011.796898
10011.651249
10011.569444
10012.067868
10011.723681
10011.913149
10011.350307
10011.767032
10011.473790
10011.443168
10011.500961
10011.470431
10011.741132
10010.712022
10011.884191
10011.765826
10011.379945
10011.793119
10011.829917
10011.699900
10011.580135
10011.775108
10011.632662
10011.638355
10011.865597
10011.619854
10011.725609
10011.663856
10010.605842
10011.417920
10011.976843
10011.540135
10011.652053
10011.815742
10011.618019
10011.704815
10011.745739
10011.559424
10011.831561
10011.582496
10011.592493
10010.920498
10010.626353
10011.639400
10011.762017
10011.510921
10011.614046
10011.682993
10011.874070
10011.638507
10011.425705
10011.624690
10011.594667
10011.579433
10011.734378
10011.831621
10011.725279
10011.705995
10010.990595
10011.663211
10011.933993
10011.816420
10011.393473
10011.913097
10011.690406
10011.605167
10011.651055
10011.876973
10011.514827
10011.440740
10011.749862
10011.508971
10011.096437
10011.665970
10011.844054
10011.742601
10011.781918
10011.360005
10011.407485
10011.744430
10011.741189
10011.785061
10011.671951
10011.791857
10011.568606
10011.871537
10011.625426
