10010.724453
10010.249807
10011.596164
10010.997454
10011.153100
10011.472135
10011.520267
10010.900082
10011.090251
10010.907290
10010.590259
10010.818703
10011.314022
10011.577374
10011.159071
10011.431741
10010.302622
10010.787779
10011.296477
10011.371923
10010.992784
10010.859413
10011.156729
10011.061153
10011.081389
10010.925512
10011.289991
10010.793427
10011.071614
10010.466670
10011.297501
10011.003088
10011.112505
10011.306600
10010.981365
10011.576325
10009.759250
10011.388132
10011.451482
10011.336233
10011.272230
10011.270109
10011.244848
10013.289563
10011.155230
10011.253701
10010.355035
10011.357022
10011.329117
10010.875985
10011.352973
10011.366310
10011.218992
10011.349370
10011.038424
10011.304818
10010.958028
10011.223565
10011.256925
10011.084301
10011.215619
10010.034696
10011.179498
10011.411506
10010.784687
10013.107383
10011.371820
10011.345700
10011.611447
10011.014899
10010.999067
10011.158768
10011.832289
10011.510272
10010.440659
10011.096879
10011.266211
10011.256300
10011.036823
10011.106937
10011.193088
10011.404214
10011.485699
10011.516012
10010.909910
10011.250825
10010.922423
10011.137676
10011.212334
10010.990927
10010.427581
10011.211035
10011.326720
10011.082882
10011.121891
10011.294900
10010.750993
10011.153885
10011.260005
10011.088242
10011.529756
10011.000041
10011.301227
10011.503331
10010.540823
10010.936250
10011.076051
10011.154125
10011.255892
10011.495360
10011.331034
10010.778230
10010.691912
10011.308839
10011.037594
10010.963092
10011.194465
10011.100277
10011.013194
10011.225590
10011.130749
10011.783660
10010.212119
10011.384492
10011.498174
10011.298367
10011.235403
10011.078579
10010.872387
10011.292630
10010.752488
10011.130065
10011.362267
10011.069485
10011.025332
10010.674094
10010.945400
10010.728968
10011.463048
10011.350802
10011.235769
10010.722887
10011.713742
10010.781200
10010.793996
10011.239300
10011.273934
10011.114858
10011.402996
10010.552623
10011.201301
10010.594579
10011.171730
10010.946157
10011.155482
10011.571199
10010.588246
10011.178109
10011.332690
10011.060265
10011.287593
10011.566533
10011.454184
10011.166663
10011.362662
10011.420877
10011.368582
10011.574801
10011.555169
10011.434342
10010.735115
10010.861088
10011.040370
10011.354652
10011.862543
10010.937232
10011.226323
10011.739656
10010.055783
10011.284599
10011.027344
10011.287247
10012.151475
10011.167034
10011.570777
10010.822898
10011.201641
10010.844136
10011.052504
10011.094163
10011.207314
10011.550945
10011.346153
10010.109777
10010.825856
10011.205404
10011.376375
10011.173972
10011.230355
10011.066032
10011.560024
10011.333540
10011.083902
10011.565813
10011.177257
10011.711401
10011.392088
10011.959843
10010.022199
10010.848930
10010.794426
10010.855549
10011.522887
10011.211913
10011.237089
10011.248874
10011.244353
10011.169828
10011.700341
10011.170265
10011.342312
10010.550706
10011.141849
10011.428048
10011.616272
10010.966988
10011.224798
10011.584568
10011.322589
10010.892816
10011.231369
10011.210433
10010.858065
10011.364479
10011.337138
10011.300020
10010.704863
10011.065104
10011.218394
10011.429557
10011.422678
10011.025219
10011.398659
10011.418435
10011.354179
10011.139944
10011.020772
10010.910754
10011.613615
10011.156471
10011.117076
10011.147908
10010.723780
10011.278570
10011.397995
10010.434195
10011.215977
10011.650706
10011.456525
10011.445053
10011.405976
10011.187313
10011.073226
10011.263185
10011.531497
10011.417388
