10010.802259
10010.401906
10011.831461
10011.131814
10011.187705
10011.438409
10011.526114
10011.029046
10010.728483
10011.041803
10010.877244
10010.945267
10011.313024
10011.049862
10011.379991
10010.265712
10011.393159
10010.813739
10011.560584
10011.377729
10011.223912
10011.082453
10011.162804
10011.141293
10011.118027
10010.904912
10010.998107
10011.353163
10011.025731
10011.280633
10010.558522
10011.074256
10011.198213
10011.238787
10011.078063
10011.528323
10010.197313
10011.441211
10011.478747
10011.250646
10011.410671
10011.339085
10011.333369
10012.567392
10011.186463
10010.474030
10011.123669
10011.498799
10011.359366
10011.504259
10011.542600
10011.357382
10011.297106
10011.481774
10011.467935
10011.053986
10011.127848
10011.119617
10011.491788
10011.344407
10011.436729
10010.069935
10010.944208
10011.209319
10012.585702
10011.569344
10011.427996
10011.421840
10011.600416
10011.040768
10011.211681
10011.273880
10011.747850
10011.532644
10010.572384
10011.335566
10011.265909
10011.057944
10011.197385
10011.113751
10011.289491
10011.511892
10011.525481
10011.453968
10011.091226
10011.203640
10010.970427
10011.221589
10011.075853
10011.360176
10010.408008
10011.155558
10011.326590
10011.275596
10011.493872
10011.006417
10011.090976
10011.154287
10011.345628
10011.440558
10011.223474
10011.525524
10011.159100
10011.014408
10011.410885
10010.605835
10011.186995
10011.343622
10011.412774
10011.343809
10010.940511
10011.324975
10011.399645
10010.849198
10011.239292
10011.062643
10011.308394
10011.301699
10011.146597
10011.109056
10011.166834
10011.805672
10010.441819
10011.419042
10011.357860
10011.341499
10011.354711
10011.312611
10011.175026
10011.214289
10010.984958
10011.185824
10011.481056
10011.065811
10011.188370
10011.171810
10010.715142
10011.342271
10010.918142
10011.632504
10011.792266
10011.312271
10011.013016
10010.961260
10011.032318
10011.215085
10011.101790
10011.285465
10011.507412
10010.704092
10011.382301
10011.060855
10011.266714
10011.141511
10011.287878
10011.423690
10011.303717
10010.947601
10011.381751
10011.232184
10011.552673
10011.203360
10011.490811
10011.074056
10011.495965
10011.365779
10011.391560
10011.513846
10011.550383
10011.586644
10011.035810
10011.132367
10011.141814
10011.786793
10011.275502
10011.149720
10011.281136
10011.741519
10010.329065
10011.437595
10011.312015
10011.244233
10012.025200
10011.276346
10010.984168
10011.595418
10011.221747
10011.002154
10011.189445
10011.120201
10011.272393
10011.321219
10011.492248
10010.219732
10010.882063
10011.509068
10011.314796
10011.370197
10011.559956
10011.277095
10011.332236
10011.218662
10011.357612
10011.664320
10011.474712
10011.431386
10011.441231
10011.884837
10010.200577
10010.867141
10011.029823
10011.165306
10011.532499
10011.350194
10011.221311
10011.298584
10011.321010
10011.305279
10011.338360
10011.354567
10011.590600
10010.502191
10011.453582
10011.217161
10011.038837
10011.481979
10011.393722
10011.313604
10011.143622
10011.532745
10011.231443
10011.062955
10011.269671
10011.401907
10011.346857
10011.228453
10011.312156
10010.789598
10011.529508
10011.323776
10011.650614
10011.501719
10011.149128
10011.329034
10011.305477
10011.206332
10011.262185
10011.669173
10011.040225
10011.295439
10011.341397
10011.249411
10010.880931
10010.713852
10011.450261
10011.446058
10011.229808
10011.538516
10011.412885
10011.539127
10011.426828
10011.455739
10011.351335
10011.217938
10011.572190
10011.419562
