10011.043659
10011.870117
10010.551713
10011.256495
10011.247209
10011.437746
10011.481553
10010.959913
10011.166090
10011.145611
10011.082836
10011.088918
10011.242672
10011.465322
10011.526027
10011.507329
10010.489100
10010.843352
10011.548628
10011.692917
10011.340046
10011.370616
10011.311858
10011.210524
10011.313037
10011.129161
10011.423863
10011.069620
10011.211323
10011.449676
10010.706111
10011.327392
10011.393432
10011.257150
10011.300262
10011.557006
10010.553717
10011.531809
10011.606450
10011.366441
10011.423670
10011.446202
10011.480500
10012.326572
10011.267129
10010.582276
10011.636794
10011.321850
10011.511251
10011.709068
10011.692794
10011.411151
10011.611123
10011.306419
10011.632773
10011.224909
10011.291226
10011.239700
10011.527377
10011.497360
10011.655762
10010.292459
10011.091912
10011.286186
10011.553917
10011.547472
10012.317936
10011.375554
10011.711739
10011.264163
10011.318004
10011.453800
10011.867298
10010.696306
10011.677289
10011.444833
10011.144422
10011.384594
10011.315636
10011.226701
10011.421233
10011.603318
10011.589800
10011.264632
10011.138243
10011.328587
10011.562116
10011.370797
10011.437773
10011.232759
10010.670110
10011.338769
10011.364346
10011.446428
10011.090904
10011.582188
10011.206403
10011.201072
10011.455119
10011.318077
10011.502310
10011.531591
10011.444097
10011.301320
10011.143721
10010.755219
10011.333100
10011.597084
10011.536833
10011.455612
10011.486334
10011.133635
10011.416367
10011.097109
10011.471600
10011.139010
10011.314977
10011.345156
10011.362673
10011.373952
10010.518563
10011.902737
10011.387887
10011.417507
10011.384908
10011.474170
10011.570843
10011.410724
10011.377766
10011.363936
10011.125649
10011.354886
10011.677853
10011.194164
10011.385025
10010.771634
10011.425812
10011.433049
10011.121261
10011.845761
10011.441077
10011.874357
10011.228590
10011.182408
10011.185603
10011.262702
10011.395704
10011.443578
10011.722178
10010.924700
10011.215288
10011.484423
10011.430077
10011.301267
10011.534537
10011.503525
10011.439592
10011.040710
10011.413894
10011.282624
10011.482487
10011.646383
10010.950204
10011.670620
10011.630210
10011.548370
10011.660194
10011.543601
10011.692134
10011.679858
10011.338173
10011.184449
10011.284306
10011.820703
10011.457858
10011.345565
10011.295812
10011.757397
10010.596429
10011.550727
10011.398762
10011.449426
10012.067158
10011.455229
10011.785077
10011.116613
10011.554382
10011.148033
10011.363402
10011.248098
10011.385519
10011.391670
10011.655834
10010.407422
10011.084476
10011.672226
10011.627823
10011.529118
10011.590742
10011.348552
10011.642103
10011.399219
10011.374982
10011.764071
10011.604251
10011.528692
10011.555524
10011.053616
10011.985151
10010.348382
10011.189931
10011.416197
10011.421823
10011.513014
10011.656002
10011.403865
10011.442935
10011.373198
10011.742977
10011.513223
10011.467561
10010.609488
10011.386706
10011.598257
10011.539608
10011.188681
10011.590947
10011.465508
10011.269507
10011.554213
10011.351457
10011.213722
10011.337828
10011.579835
10011.525746
10011.423923
10011.517882
10010.881409
10011.545836
10011.737082
10011.693948
10011.308809
10011.731723
10011.496759
10011.495343
10011.242431
10011.345085
10011.733542
10011.351040
10011.283700
10011.569154
10011.511430
10010.960310
10011.541142
10011.556329
10010.933181
10011.660495
10011.301568
10011.615956
10011.695992
10011.465388
10011.474220
10011.663119
10011.343153
10011.682274
10011.528230
