10011.264153
10011.888577
10010.652738
10011.474437
10011.407271
10011.609068
10011.548773
10011.324350
10011.313765
10011.160039
10011.026738
10011.218344
10011.599399
10011.573850
10011.460219
10010.597548
10011.572789
10010.976024
10011.834702
10011.625710
10011.519446
10011.481822
10011.358225
10011.493501
10011.336965
10011.668642
10011.168523
10011.181413
10011.360510
10011.540509
10010.838332
10011.478631
10011.448066
10011.381081
10011.616102
10011.335704
10010.829222
10011.685319
10011.637402
10011.393923
10011.520823
10011.456299
10012.274421
10011.592337
10011.427476
10011.574013
10010.665082
10011.712044
10011.360631
10011.771492
10011.805907
10011.462030
10011.377405
10011.683780
10011.375178
10011.380864
10011.765387
10011.644083
10011.386606
10011.647877
10011.767926
10010.442206
10011.216642
10011.652068
10011.366045
10012.257414
10011.670208
10011.453217
10011.737319
10011.410072
10011.564477
10011.937407
10011.516204
10011.726571
10010.819788
10011.557039
10011.561739
10011.259843
10011.483478
10011.338976
10011.586088
10011.768941
10011.775701
10011.724032
10011.477211
10011.403458
10011.301411
10011.449357
10011.524692
10011.388451
10010.850746
10011.550557
10011.457086
10011.562465
10011.670830
10011.214286
10011.331424
10011.353629
10011.495739
10011.458670
10011.576645
10011.652728
10011.407221
10011.222617
10011.573684
10010.832500
10011.559793
10011.440223
10011.696135
10011.619687
10011.294314
10011.694529
10011.520723
10011.326995
10011.626612
10011.297861
10011.474869
10011.414960
10011.555924
10011.428568
10010.633112
10011.956092
10011.659612
10011.499576
10011.715988
10011.534869
10011.511011
10011.502340
10011.483686
10011.514500
10011.275222
10011.515847
10011.800445
10011.353061
10011.543534
10010.871312
10011.597287
10011.538529
10011.308939
10011.584507
10012.020311
10011.308667
10011.979122
10011.327353
10011.285121
10011.312778
10011.530515
10011.569269
10011.837590
10010.986342
10011.584625
10011.381891
10011.458176
10011.559422
10011.657888
10011.596464
10011.594702
10011.589271
10011.180912
10011.338152
10011.685441
10011.622531
10011.849380
10011.016032
10011.634478
10011.728568
10011.683093
10011.696909
10011.624188
10011.796059
10011.426869
10011.477308
10011.434204
10011.940963
10011.538061
10011.479706
10011.423348
10010.728893
10011.801205
10011.650873
10011.509259
10011.498903
10012.062532
10011.566109
10011.245418
10011.808408
10011.650474
10011.333327
10011.419431
10011.473174
10011.489203
10011.621678
10011.791886
10010.693814
10011.683746
10011.292223
10011.762701
10011.598991
10011.485249
10011.788117
10011.696260
10011.554387
10011.524423
10011.696567
10011.640530
10011.874475
10011.611216
10012.013444
10010.523992
10011.254416
10011.328468
10011.536859
10011.516897
10011.765858
10011.649215
10011.595610
10011.634200
10011.427367
10011.875051
10011.559632
10011.514864
10011.440030
10010.744031
10011.754971
10011.620755
10011.333236
10011.733487
10011.566301
10011.354775
10011.757585
10011.524212
10011.385996
10011.407444
10011.708598
10011.624114
10011.630171
10011.588900
10010.946716
10011.925290
10011.628749
10011.750573
10011.377499
10011.899222
10011.661766
10011.593272
10011.370673
10011.807386
10011.475134
10011.377051
10011.698841
10011.651567
10011.493778
10011.590375
10011.111972
10011.650862
10011.052208
10011.712973
10011.424376
10011.785921
10011.728991
10011.631254
10011.771792
10011.566662
10011.508182
10011.855784
10011.564574
