10011.345010
10010.714492
10011.494320
10011.904983
10011.414664
10011.612816
10011.588010
10011.404529
10011.355226
10011.034063
10011.281847
10011.347542
10011.621498
10011.516263
10011.612216
10011.607731
10010.655552
10010.997988
10011.914356
10011.700593
10011.522825
10011.389376
10011.550229
10011.593486
10011.392711
10011.751844
10011.191878
10011.288166
10011.404789
10010.923476
10011.545174
10011.451304
10011.544112
10011.479876
10011.551475
10011.374028
10011.004795
10011.708117
10011.672037
10011.222159
10011.552080
10011.502528
10011.480965
10011.651933
10011.619993
10012.199248
10011.466344
10011.702580
10010.691328
10011.777229
10011.768173
10011.516340
10011.416094
10011.692067
10011.807278
10011.429755
10011.393691
10011.643578
10011.426093
10011.687036
10011.801141
10010.483331
10011.244114
10011.739330
10011.443022
10011.721215
10012.174128
10011.475197
10011.454304
10011.755102
10011.637359
10011.599543
10011.771407
10011.993769
10010.828311
10011.603341
10011.580426
10011.239826
10011.406780
10011.535759
10011.778761
10011.627349
10011.796692
10011.662315
10011.469142
10011.495051
10011.362718
10011.460637
10011.573342
10011.451568
10010.941613
10011.470852
10011.594660
10011.681698
10011.754638
10011.263196
10011.370425
10011.447733
10011.498617
10011.631972
10011.467752
10011.475011
10011.610765
10011.707845
10011.500486
10010.892149
10011.328609
10011.739368
10011.754429
10011.603626
10011.302917
10011.642973
10011.686104
10011.674845
10011.406561
10011.321729
10011.530843
10011.428559
10011.670257
10011.500524
10012.046976
10010.653503
10011.541987
10011.703984
10011.534944
10011.471804
10011.775637
10011.510834
10011.581438
10011.484062
10011.446863
10011.574803
10011.868903
10011.600899
10011.463652
10011.625801
10010.921365
10011.354479
10011.575276
10012.020564
10011.617465
10011.413701
10011.928889
10011.407308
10011.383227
10011.328103
10011.611479
10011.846876
10011.557518
10011.047513
10011.579757
10011.462214
10011.486586
10011.663678
10011.715359
10011.625669
10011.646948
10011.190621
10011.658299
10011.768371
10011.352428
10011.638955
10011.078900
10011.882668
10011.665192
10011.759982
10011.742536
10011.662350
10011.677838
10011.814504
10011.483391
10011.449577
10011.578236
10011.946307
10011.548196
10011.615695
10011.430419
10011.837124
10010.768090
10011.703951
10011.562620
10011.547993
10012.079089
10011.633933
10011.316944
10011.859826
10011.732740
10011.386617
10011.474366
10011.518877
10011.483133
10011.670116
10011.861763
10010.701630
10011.718960
10011.365153
10011.809887
10011.650664
10011.738986
10011.596144
10011.774316
10011.595469
10011.611152
10011.678180
10011.896565
10011.651185
10011.674369
10011.314807
10012.002494
10010.599854
10011.473365
10011.562669
10011.585444
10011.849827
10011.624334
10011.694294
10011.680312
10011.508151
10011.872524
10011.547887
10011.519074
10010.824538
10011.522393
10011.615459
10011.725347
10011.630957
10011.680920
10011.389263
10011.587565
10011.416191
10011.817622
10011.757980
10011.482868
10011.463208
10011.670370
10011.627631
10011.636436
10011.013049
10011.636642
10011.949471
10011.382945
10011.770333
10011.932700
10011.604887
10011.645016
10011.443255
10011.568309
10011.868398
10011.526672
10011.739467
10011.397447
10011.738783
10011.076349
10011.656552
10011.234314
10011.678473
10011.436486
10011.763098
10011.728689
10011.702312
10011.628920
10011.702328
10011.795551
10011.904552
10011.533789
10011.620270
