10011.376744
10011.862671
10010.750681
10011.461868
10011.444490
10011.591870
10011.624298
10011.410376
10011.077506
10011.376076
10011.296588
10011.359113
10011.657421
10011.535183
10011.620639
10011.630491
10010.669777
10011.033784
10011.898881
10011.502815
10011.424567
10011.699699
10011.585027
10011.615392
10011.411986
10011.187101
10011.309466
10011.757642
10011.527577
10010.948670
10011.422776
10011.502115
10011.546053
10011.417690
10011.351463
10011.540127
10011.098191
10011.687966
10011.667062
10011.578787
10011.559309
10011.171062
10012.124924
10011.501003
10011.669217
10010.673906
10011.704779
10011.524938
10011.804229
10011.652902
10011.766130
10011.453385
10011.536651
10011.713031
10011.422493
10011.378691
10011.799613
10011.608890
10011.428547
10011.682468
10011.796899
10010.497254
10011.211624
10011.715778
10011.455409
10012.096377
10011.726948
10011.499488
10011.700880
10011.476087
10011.662755
10011.975551
10011.745964
10011.626313
10011.577419
10010.818590
10011.560299
10011.270404
10011.527118
10011.411821
10011.767069
10011.619419
10011.609112
10011.807909
10011.464025
10011.428824
10011.524801
10011.484300
10011.396133
10011.569271
10010.988337
10011.736358
10011.411552
10011.600708
10011.784009
10011.263391
10011.484330
10011.477904
10011.357983
10011.474885
10011.712705
10011.667720
10011.522798
10011.653107
10011.364615
10010.907683
10011.536959
10011.588748
10011.736448
10011.742454
10011.655231
10011.342013
10011.453220
10011.720257
10011.709918
10011.544710
10011.383337
10011.511341
10011.680118
10011.434810
10012.020537
10011.592088
10011.722065
10011.484764
10011.523076
10011.801258
10010.652688
10011.512536
10011.462269
10011.418227
10011.626845
10011.887775
10011.567455
10011.490882
10011.590249
10010.965099
10011.676568
10011.404195
10011.587465
10011.604951
10012.046918
10011.444075
10011.910735
10011.375824
10011.407871
10011.343221
10011.541228
10011.604165
10011.857330
10011.010604
10011.574654
10011.500083
10011.500827
10011.643963
10011.736934
10011.636958
10011.691937
10011.617174
10011.236612
10011.374138
10011.786446
10011.617055
10011.864141
10011.063768
10011.663234
10011.772942
10011.763240
10011.688688
10011.697229
10011.781219
10011.606509
10011.467777
10011.470323
10011.553817
10011.924919
10011.648429
10011.428086
10011.874176
10010.864200
10011.751707
10011.593505
10011.575524
10012.054094
10011.640626
10011.324444
10011.867465
10011.384457
10011.753659
10011.478244
10011.472977
10011.477712
10011.675594
10011.845800
10010.721269
10011.371071
10011.701304
10011.787831
10011.683741
10011.808375
10011.574935
10011.772029
10011.581632
10011.632252
10011.633945
10011.693695
10011.861169
10011.633140
10012.001935
10010.597034
10011.349296
10011.624918
10011.827484
10011.501422
10011.601203
10011.704998
10011.612765
10011.693961
10011.503103
10011.832631
10011.572919
10011.545743
10011.575310
10010.887530
10011.592446
10011.762786
10011.402772
10011.651884
10011.669116
10011.810775
10011.407697
10011.516403
10011.608547
10011.518175
10011.784249
10011.633530
10011.693435
10011.021277
10011.657420
10011.660067
10011.955219
10011.345491
10011.757913
10011.924696
10011.614525
10011.643267
10011.476569
10011.595750
10011.845889
10011.420844
10011.485741
10011.764682
10011.766869
10011.072663
10011.653304
10011.625810
10011.289905
10011.733061
10011.407165
10011.757963
10011.776705
10011.687642
10011.811313
10011.617082
10011.542823
10011.641018
10011.869595
