10010.517673
10011.7019391
10011.3738201
10011.129485
10011.252013
10011.0833274
10010.9864496
10011.3540672
10011.4274148
10011.0650884
10011.1685925
10010.8812844
10011.1216728
10011.712484
10011.0741651
10010.4391092
10011.6144217
10010.6237543
10011.3291996
10011.5199943
10011.7127483
10011.4269752
10011.4614997
10011.3944739
10011.2563754
10011.0320476
10011.2444153
10010.6613939
10011.47474
10011.1642494
10010.7311155
10012.1300213
10011.4456442
10010.875792
10011.5426353
10011.5735572
10010.8418823
10011.7468289
10011.8286271
10011.2973619
10011.559948
10011.9715403
10011.3765395
10011.2690252
10011.3583614
10010.5325696
10011.8484754
10011.7852429
10011.4530747
10011.4261281
10011.8845029
10011.2723624
10011.3811816
10011.7098795
10011.8582135
10011.4172334
10011.2582639
10011.4551787
10011.3862689
10011.6456473
10010.7806264
10011.9822506
10011.2551847
10011.4055358
10011.6608889
10011.605382
10011.7160987
10011.3953089
10011.9451747
10011.5146601
10011.2912869
10011.7079004
10011.5437109
10011.9127239
10011.6971579
10010.5952972
10011.5110058
10011.2885181
10011.5595525
10011.2627568
10011.4414455
10011.6873002
10011.5519176
10011.4647877
10011.6818247
10011.51382
10011.3653669
10011.5563911
10011.5817515
10011.4246986
10010.8656972
10011.7517485
10011.3621701
10011.2624346
10011.4356921
10011.0302959
10010.8061273
10011.2662255
10011.5080067
10011.3244253
10011.3731983
10011.4658559
10011.1689262
10011.6794876
10011.2389197
10010.8572017
10011.2920743
10011.5325553
10011.9683429
10011.5157103
10011.3636488
10011.3296097
10011.2990926
10011.1113092
10011.6173754
10010.8941795
10011.2022537
10011.1828496
10011.7422577
10011.4915491
10010.7433439
10011.9982198
10011.3838841
10011.3149749
10011.3891319
10011.2179102
10011.6788591
10011.3604743
10011.570077
10011.8552058
10010.9291005
10011.6165669
10011.696073
10011.1873198
10011.4239312
10010.8296357
10011.7420794
10011.4321627
10011.1447008
10011.981233
10011.4156196
10012.0919154
10011.6453993
10011.2969666
10011.8175661
10011.6678178
10011.3423065
10011.5689575
10011.558452
10010.9847834
10011.6155451
10011.3327642
10011.5620611
10011.5462569
10011.6044843
10011.3046569
10011.6144
10011.3072525
10011.301624
10011.2699957
10011.7245068
10011.9304136
10011.6840154
10010.478092
10011.6386773
10011.7964054
10011.5773395
10011.6495136
10011.7621757
10012.0310426
10011.2134606
10011.8109114
10011.5159779
10011.9295477
10011.4192115
10011.217289
10011.6366775
10011.369231
10010.9574198
10011.5924842
10011.6580867
10011.4882951
10011.8676617
10011.8603619
10011.1759367
10012.1694262
10011.3797863
10011.7773547
10011.3419278
10011.5228993
10011.3378083
10011.2648571
10010.4101566
10011.8343378
10011.0054178
10011.6168065
10012.3731448
10011.943141
10011.3115377
10011.3926491
10012.3121737
10010.945569
10011.3347899
10011.4823322
10011.8840155
10011.4116146
10011.7568839
10010.0968239
10012.0341583
10010.8817444
10011.3253287
10011.3321657
10011.5994141
10011.5939932
10011.3780887
10011.9876258
10011.4180457
10011.5303217
10011.8482617
10011.5991214
10011.6125775
10011.3326119
10010.8188077
10011.8388055
10011.7759377
10011.6022514
10011.6619966
10011.27817
10011.6331883
10011.2093137
10011.6834763
10011.4318248
10011.2683454
10011.7199932
10011.3451797
10011.8316158
10011.766474
10010.9184159
10011.9579339
10011.7820342
10011.5552228
10011.8432121
10011.9495923
10011.4938788
10011.4321584
10011.0720922
10011.3101101
10012.0292226
10011.6263384
10011.1562474
10011.7327369
10011.0577381
10011.6341684
10011.6914608
10011.3863254
10010.9539633
10011.4887488
10011.4658316
10011.945243
10012.0714726
10011.6321572
10011.8656288
10011.175215
10011.6972512
10011.9446816
10011.7509433
10010.5997238
10012.118013
10011.3445602
10011.8191327
10011.5154818
10011.5131083
10011.3261564
10011.1561871
10011.6552298
10011.5554892
10011.5115883
10011.5599673
10011.2822523
10011.2751629
10010.6105767
10011.3833057
10011.8036528
10011.806348
10011.7816518
10011.4367901
10011.7703319
10011.4708005
10011.7932586
10011.3986583
10011.8943406
10011.6133966
10011.4977235
10011.3489239
10012.0212348
