10010.9389112
10012.0873583
10012.008961
10012.2606609
10011.6562731
10011.6900239
10011.6993819
10011.798174
10011.3870226
10011.6327141
10011.3687074
10011.1307598
10011.837123
10011.6137475
10011.6237435
10010.5696247
10011.6319345
10011.208458
10012.4336407
10012.0567115
10011.5989268
10011.5964747
10011.9119221
10011.8303949
10011.433978
10011.0721598
10012.1328169
10011.2149928
10011.8692875
10011.6292703
10011.1794828
10011.6216002
10011.5518433
10011.4228651
10011.8463342
10011.991451
10011.1814349
10012.0160945
10011.4930465
10011.5248027
10011.7795036
10011.9312459
10011.5113605
10011.7362314
10011.9964871
10010.7626726
10011.8616448
10011.795351
10011.3967719
10011.843188
10011.9957273
10011.4110364
10011.6319918
10011.9647042
10012.045935
10011.4745247
10011.7335118
10011.6354188
10012.0848217
10012.2386417
10010.9928809
10012.3256649
10011.633048
10012.0146405
10011.558315
10011.7817079
10012.1541541
10011.8916957
10012.0380882
10011.8116762
10012.4283887
10011.8410297
10011.6129858
10011.9184417
10012.1058991
10011.2101226
10012.1953321
10011.7561802
10012.0510092
10011.6438084
10012.512026
10012.4043695
10012.776241
10011.9747475
10012.3094773
10011.9664444
10011.5688494
10011.723395
10011.96342
10011.8530834
10011.3887121
10011.9895138
10012.1419224
10011.6836901
10011.7856305
10011.7793445
10011.1624662
10011.7713296
10011.8422401
10011.8563832
10011.3368952
10011.9192456
10011.8072105
10011.9180682
10011.2742185
10011.3036239
10011.6860692
10012.0226622
10011.949479
10012.1858775
10012.0689121
10011.8140388
10012.0420511
10012.0846207
10011.9223444
10011.4997716
10011.7442814
10011.3646406
10012.1142008
10011.8531405
10010.9853299
10012.0291084
10011.784252
10012.5362493
10011.7643929
10011.9664031
10012.0298283
10011.6028553
10011.7370576
10011.9279302
10011.4500822
10011.8788974
10011.771791
10011.8243596
10011.9654967
10011.233831
10012.2742425
10011.9405983
10011.6408024
10012.6944555
10011.9799871
10012.297092
10011.1376103
10011.6586639
10011.7431859
10011.6552481
10011.9464635
10011.8914484
10012.1820341
10011.082478
10011.9572451
10011.9452107
10011.7097874
10012.176563
10011.9982229
10011.7460754
10012.064166
10011.8802428
10012.1311332
10011.5985228
10011.5043245
10011.9684891
10012.5417999
10011.0913015
10011.6033879
10012.3804079
10011.2526292
10011.8406155
10011.6348466
10012.4391001
10012.2100903
10011.9167633
10011.6067125
10012.5359648
10011.742838
10011.7014501
10011.7911149
10011.5551179
10011.039048
10011.8838059
10011.5629235
10011.8835194
10011.8761669
10011.8770627
10011.2854721
10012.0099983
10011.9397934
10011.8843914
10011.4710989
10011.8774551
10012.4825847
10011.4939002
10011.4861316
10012.2546235
10011.8314657
10011.8600376
10012.3966103
10011.656049
10011.9435247
10011.7318462
10012.5502764
10011.7542251
10012.119762
10011.7451738
10012.3300176
10012.1479595
10011.6921894
10011.0124729
10011.8841104
10011.7454129
10011.481677
10011.4670392
10011.8320278
10012.0626596
10012.0388415
10011.9631042
10011.6288586
10012.2272121
10012.3023883
10011.6011283
10011.5398688
10011.2031775
10011.1610978
10012.4236845
10012.0611172
10011.7923352
10012.2452232
10011.937421
10012.1923551
10011.7380316
10012.1113173
10011.3235899
10012.2068198
10012.0354339
10012.0877947
10011.878762
10011.729632
10011.1891268
10012.22676
10011.855192
10012.0366283
10011.5718418
10012.2277419
10011.593054
10012.0054842
10011.7201849
10011.7843214
10011.8507669
10011.6673139
10011.8310514
10012.3644814
10011.4852945
10012.0784052
10012.1070568
10011.4778224
10011.6399774
10011.6523451
10011.711161
10012.2437191
10011.4930754
10012.0314204
10012.0817464
10011.8796398
10012.0980425
10012.3664901
10011.6224794
10011.0076402
10011.8591414
10011.6916737
10012.300757
10011.6245031
10011.904857
10011.3356441
10011.5522673
10011.8357436
10012.0144206
10012.1768029
10011.3836137
10011.6577181
10011.7267367
10011.134431
10011.6384111
10012.173839
10012.1020518
10012.0448031
10011.361641
10011.7847926
10012.1421709
10012.2819009
10011.7227155
10012.1891765
10011.7917447
10012.1162244
10011.8060974
10012.1711533
