10011.2677223
10012.1649418
10011.9281928
10011.5178932
10011.6752856
10011.5594673
10011.748017
10012.087085
10011.0113118
10011.4687009
10011.8567074
10011.7081487
10011.765836
10011.7716217
10011.4865676
10011.0162492
10011.7085058
10011.3237635
10012.470389
10011.4066572
10012.1613479
10011.6473357
10012.3456148
10011.760308
10011.3766601
10011.6124412
10012.054146
10011.682696
10011.6210395
10011.6694863
10011.5916165
10011.2129633
10012.2627934
10012.1359475
10011.8228134
10011.4284763
10011.6111054
10011.7513916
10012.2499174
10011.6434007
10011.0961995
10011.829251
10012.0035379
10011.8268115
10011.5818903
10010.8959345
10012.2918761
10011.67361
10012.2801067
10011.7513615
10012.1169145
10011.870276
10011.6797829
10012.0420777
10012.0654651
10011.6205958
10011.5171445
10012.0661327
10011.8384611
10011.604507
10010.9074994
10012.4474983
10011.5017552
10012.2494737
10012.0444528
10011.3496676
10012.0074675
10011.6072184
10011.8854452
10011.7282379
10011.9139026
10012.2614217
10012.1895539
10012.0424906
10012.3979528
10011.084666
10011.8391971
10011.0598355
10011.8567093
10012.0104342
10011.7637478
10011.7632412
10012.0760075
10012.1905189
10011.4794074
10011.7605746
10011.6860455
10011.4279898
10011.7442049
10011.8618023
10011.4689468
10011.7259693
10012.0230799
10011.7797685
10011.9650532
10011.359813
10011.9962699
10011.5107543
10011.5519956
10011.3314048
10011.4419659
10012.03042
10011.7857176
10011.9634187
10011.7288147
10011.3073264
10011.9035395
10012.1953296
10012.2015883
10012.1500036
10011.5461315
10011.7851752
10012.3339316
10011.8701192
10012.8535993
10010.876873
10011.6860638
10011.2901765
10012.5683588
10012.4102301
10011.007405
10012.7267698
10011.7747466
10011.8630642
10011.4398151
10011.5853468
10011.6017417
10011.8202948
10011.7270981
10011.5670436
10012.2183412
10012.1011305
10011.9358834
10011.9978785
10012.0375766
10011.4355944
10012.058605
10011.7670686
10011.943706
10012.2081664
10011.8041857
10011.6907846
10012.098447
10011.6999952
10012.3040019
10011.645843
10011.7076598
10011.8844044
10011.9519105
10011.64042
10011.6424889
10012.2753802
10011.3718499
10012.3138153
10011.9762333
10011.6799123
10011.8606699
10011.4795349
10012.1809397
10011.443595
10012.1297882
10011.77831
10012.1760557
10011.1539934
10012.3105378
10011.7756779
10011.8570442
10011.9194259
10011.7288627
10011.9756599
10011.6794015
10012.4568278
10011.7921154
10012.558164
10011.8832775
10012.1255308
10011.8389514
10012.0436448
10011.1616302
10011.7967762
10011.9964208
10011.8565355
10012.1439586
10011.9779104
10011.6952314
10011.8974009
10011.7402033
10012.3049165
10011.9911098
10011.8681381
10011.731596
10011.3452891
10010.9768835
10012.3671047
10011.7114416
10011.7828263
10012.3224456
10012.2746848
10012.3090029
10012.0999539
10012.0039958
10011.7911076
10011.5882978
10011.2429859
10012.4142897
10011.931443
10012.1267146
10011.0956081
10012.168111
10011.8069963
10012.023983
10011.7048682
10012.0546089
10012.4300792
10011.4198533
10011.8482298
10011.8029129
10012.1464602
10011.9115243
10011.713498
10011.6928175
10012.1660571
10011.2207671
10011.6164192
10011.7626034
10011.6390228
10011.6124149
10011.961924
10012.0139235
10011.5637053
10011.8212455
10011.777337
10012.3843594
10012.1061452
10011.7034257
10011.8727795
10011.8282398
10011.7179457
10012.0068463
10011.6585854
10012.1102429
10011.7061223
10012.2597226
10011.7561477
10011.6659435
10011.8492605
10012.0968643
10012.2946589
10011.7036519
10011.6231195
10012.2298992
10011.3680081
10012.5439447
10011.9783886
10012.1677556
10011.9410471
10011.7630286
10011.5234526
10011.9123164
10011.8006417
10012.4275023
10012.0198301
10011.8868529
10011.872106
10012.6328636
10012.2914108
10011.3963073
10012.1279693
10012.1339377
10012.1143192
10011.5388337
10011.7289391
10012.2392459
10012.0429034
10011.8442057
10011.9579982
10011.6016968
10011.9167096
10012.0213742
10012.1580512
10011.2150427
10011.9008032
10011.9401129
10011.7143357
10012.1595293
10011.8107185
10012.2626512
10012.2696971
10011.8951434
10011.4914747
10011.7402923
10011.472538
10011.936386
10011.6938697
10011.9849879
