10011.7972384
10012.0643034
10012.5370643
10011.6521852
10012.0203267
10011.8295862
10011.9524252
10011.6969386
10012.0359744
10011.6846049
10011.5896419
10011.7613121
10012.2204605
10012.4774841
10012.3411587
10011.2480123
10012.5045003
10011.8004144
10012.1060901
10012.2286668
10012.1017759
10011.8969734
10011.9345851
10012.0806192
10012.539655
10011.5179071
10012.1528812
10011.5660747
10011.6678312
10011.8846469
10011.4659211
10012.5599614
10011.9778178
10011.3330703
10011.7413725
10012.7290239
10011.7513022
10012.0712639
10011.9489678
10012.893273
10011.4815082
10012.857793
10012.2903896
10011.9411172
10011.7393659
10010.8993623
10012.2767053
10011.8799803
10012.1124633
10012.4021545
10012.4773341
10012.6561496
10011.9027405
10012.8623302
10012.2648599
10012.0568047
10011.3950527
10012.0791695
10011.6264691
10012.1500983
10010.9148424
10012.3324319
10011.5091945
10011.4600858
10011.7941109
10011.5338974
10012.3742364
10012.3711467
10011.8004415
10011.9524761
10011.8551707
10012.0488184
10012.2463843
10011.7566593
10011.7862416
10011.3819954
10012.0171075
10012.3405568
10011.9117747
10011.9075861
10011.8103127
10011.5952177
10012.5341645
10011.9787412
10011.6647334
10012.4076549
10012.2607453
10012.2013397
10011.6636123
10011.1290313
10011.9692562
10011.6150087
10012.4101248
10012.3794328
10012.6660063
10011.6490268
10012.1116073
10011.7422691
10011.7375728
10011.9807847
10012.499062
10012.3932313
10012.7272404
10012.4687626
10011.6159925
10011.6463541
10011.9329007
10012.2748861
10011.6937017
10012.2428449
10012.6169201
10012.1554579
10012.3105673
10012.2147995
10011.8392947
10012.2413475
10011.9229326
10011.779734
10012.3932919
10012.3305118
10011.0079837
10012.1493237
10012.5623423
10012.4993056
10011.7427742
10011.8534074
10012.3325916
10012.2349374
10012.2940201
10011.9970271
10011.6989448
10012.4949328
10012.1536333
10012.0162292
10012.0006694
10011.9330759
10012.6555165
10011.6799791
10012.5981797
10013.081777
10012.3333178
10012.4756748
10012.2322336
10011.5012641
10011.6780858
10012.2122271
10011.9991695
10012.2341289
10013.2760284
10011.2629079
10012.2277194
10012.178306
10012.2197151
10011.7511955
10012.3134579
10011.8886638
10012.5759129
10012.2572251
10011.6366346
10012.1048217
10012.2439814
10012.3460467
10012.395236
10011.1612812
10012.338152
10011.9711689
10012.0832369
10012.4234036
10012.7358932
10011.7424646
10012.2396222
10012.0085878
10012.0330653
10012.2903578
10012.0405995
10012.3051001
10012.0192367
10012.5060059
10012.3508563
10012.9955566
10012.2613658
10011.9731413
10012.6768898
10012.1247545
10011.6872985
10012.145736
10012.0458231
10012.2056495
10011.3862509
10011.6317801
10012.382515
10011.8115885
10011.6628597
10012.2478073
10011.9656748
10012.5118122
10012.4679429
10012.5827478
10012.817304
10011.4528342
10012.694758
10012.6787903
10012.1727229
10011.5538082
10011.9780706
10012.1423843
10012.5585685
10010.8587449
10012.6065336
10012.1156137
10011.8986749
10013.0279212
10012.0187647
10012.5898454
10011.7286511
10012.735957
10011.7580262
10012.3174926
10012.2576912
10012.1100994
10012.1440891
10012.4764317
10011.8783445
10012.375535
10011.8510765
10012.182516
10012.3741802
10012.4989439
10012.4559983
10011.9703543
10011.6992866
10012.2562035
10012.2260247
10012.4116009
10012.2827963
10012.0228905
10012.6033736
10011.8254856
10012.5574193
10012.4868418
10012.2574607
10011.6191652
10012.4626123
10012.4193445
10012.5653048
10012.430291
10011.8235096
10012.2063337
10012.8527807
10011.506874
10012.7557
10012.0021161
10012.3236973
10012.1219353
10011.1251408
10011.962569
10012.2935978
10011.6682882
10012.6016769
10012.5181564
10012.0857514
10012.4418117
10012.2030509
10012.3806172
10012.0127563
10012.245259
10011.7900411
10012.5906249
10012.1300056
10012.5439407
10011.8773065
10011.9144348
10011.7459588
10012.0730373
10012.6070966
10012.4690092
10011.9333179
10012.4074141
10012.1259738
10011.938243
10011.3700236
10012.417466
10013.346854
10011.5447206
10012.1273854
10012.1995298
10012.2286612
10012.0193794
10012.7024278
10011.8148077
10012.0192355
10012.1225505
10012.3658647
10011.7725747
10013.1484626
