# FIT DURATION: 0.013
# RUN	 PULSE	 FULL FIT FREQ	 FULL FIT CHISQ	 FULL FIT RMS	 NOISE		 PHASE FREQ	 PHASE - FULL	 PHASE-FILT FREQ	 PHASE-FILT - FULL
8	 1	 9685.463	 1.37396	 2.6882e-03	 2.2934e-03	 9685.64115	 0.17837	 9685.35698		 -0.10580
8	 2	 9685.504	 1.14152	 2.4545e-03	 2.2973e-03	 9685.77495	 0.27075	 9685.46571		 -0.03848
8	 3	 9685.420	 1.16000	 2.5131e-03	 2.3334e-03	 9685.46989	 0.04948	 9685.37982		 -0.04059
8	 4	 9685.697	 1.15978	 2.5008e-03	 2.3221e-03	 9685.77769	 0.08115	 9685.87989		 0.18335
8	 6	 9685.389	 1.16793	 2.4983e-03	 2.3117e-03	 9685.77520	 0.38590	 9685.27847		 -0.11083
8	 7	 9685.337	 1.18337	 2.4587e-03	 2.2602e-03	 9685.28207	 -0.05472	 9685.29388		 -0.04291
8	 8	 9685.758	 1.31400	 2.6038e-03	 2.2715e-03	 9686.16020	 0.40222	 9686.15091		 0.39293
8	 9	 9685.189	 1.17100	 2.5356e-03	 2.3432e-03	 9685.79637	 0.60698	 9685.26046		 0.07107
8	 11	 9685.372	 1.21144	 2.5150e-03	 2.2850e-03	 9685.50314	 0.13075	 9685.29840		 -0.07400
8	 12	 9686.006	 1.28454	 2.4834e-03	 2.1911e-03	 9685.92976	 -0.07657	 9686.29218		 0.28585
8	 13	 9685.511	 1.12338	 2.4725e-03	 2.3328e-03	 9685.48414	 -0.02681	 9685.46236		 -0.04859
8	 14	 9685.172	 1.18541	 2.4565e-03	 2.2562e-03	 9685.54985	 0.37784	 9685.06618		 -0.10582
8	 16	 9685.040	 1.04453	 2.4388e-03	 2.3863e-03	 9685.26396	 0.22371	 9685.38323		 0.34298
8	 17	 9685.214	 1.19693	 2.4900e-03	 2.2760e-03	 9685.73667	 0.52281	 9685.27445		 0.06058
8	 18	 9685.265	 1.20778	 2.4599e-03	 2.2383e-03	 9685.21989	 -0.04467	 9685.37163		 0.10708
8	 19	 9685.491	 1.16981	 2.4890e-03	 2.3013e-03	 9685.83523	 0.34399	 9685.35559		 -0.13565
8	 21	 9685.363	 1.24514	 2.5206e-03	 2.2589e-03	 9685.28373	 -0.07882	 9685.08413		 -0.27842
8	 22	 9685.690	 1.14358	 2.4700e-03	 2.3098e-03	 9685.60856	 -0.08156	 9685.78446		 0.09433
8	 23	 9685.237	 1.16652	 2.4680e-03	 2.2850e-03	 9685.16722	 -0.06969	 9685.17419		 -0.06272
8	 24	 9685.101	 1.12538	 2.4535e-03	 2.3128e-03	 9685.10557	 0.00503	 9685.22518		 0.12464
8	 26	 9685.344	 1.28246	 2.5503e-03	 2.2520e-03	 9685.72275	 0.37872	 9685.40676		 0.06273
8	 27	 9685.966	 1.31307	 2.5559e-03	 2.2305e-03	 9686.53903	 0.57341	 9686.09500		 0.12938
8	 28	 9685.336	 1.18008	 2.4919e-03	 2.2939e-03	 9685.25009	 -0.08622	 9685.35719		 0.02088
8	 29	 9685.338	 1.26732	 2.5592e-03	 2.2733e-03	 9685.37032	 0.03249	 9685.43964		 0.10180
8	 31	 9685.444	 1.17051	 2.4783e-03	 2.2907e-03	 9685.92931	 0.48516	 9685.43997		 -0.00418
8	 32	 9685.421	 1.20078	 2.5142e-03	 2.2944e-03	 9685.91311	 0.49168	 9685.59971		 0.17828
8	 33	 9685.381	 1.18879	 2.4801e-03	 2.2747e-03	 9685.31696	 -0.06440	 9685.43869		 0.05734
8	 34	 9685.185	 1.25941	 2.5258e-03	 2.2507e-03	 9685.08196	 -0.10340	 9685.23653		 0.05117
8	 36	 9685.656	 1.21230	 2.5273e-03	 2.2953e-03	 9686.33858	 0.68238	 9686.10708		 0.45088
8	 37	 9685.450	 1.28676	 2.5415e-03	 2.2405e-03	 9685.98394	 0.53444	 9686.02928		 0.57978
8	 38	 9685.473	 1.20973	 2.4893e-03	 2.2633e-03	 9685.34954	 -0.12331	 9685.64214		 0.16929
8	 39	 9685.395	 1.23125	 2.5516e-03	 2.2995e-03	 9685.84983	 0.45511	 9685.34468		 -0.05003
8	 41	 9685.267	 1.19471	 2.5174e-03	 2.3032e-03	 9685.53012	 0.26360	 9685.40015		 0.13363
8	 42	 9685.753	 1.14277	 2.4940e-03	 2.3330e-03	 9686.11404	 0.36151	 9685.64055		 -0.11199
8	 43	 9685.150	 1.21100	 2.4734e-03	 2.2476e-03	 9685.15582	 0.00535	 9685.15564		 0.00517
8	 44	 9685.566	 1.18668	 2.4695e-03	 2.2670e-03	 9685.43757	 -0.12817	 9685.58821		 0.02247
8	 46	 9685.780	 1.42188	 2.6211e-03	 2.1981e-03	 9685.71126	 -0.06833	 9685.57416		 -0.20543
8	 47	 9685.578	 1.27477	 2.5477e-03	 2.2565e-03	 9685.48897	 -0.08937	 9685.51969		 -0.05865
8	 48	 9685.431	 1.19199	 2.4575e-03	 2.2509e-03	 9685.82515	 0.39413	 9685.61323		 0.18221
8	 49	 9685.195	 1.20550	 2.5666e-03	 2.3376e-03	 9685.62134	 0.42658	 9685.26266		 0.06790
8	 51	 9685.243	 1.29363	 2.5791e-03	 2.2676e-03	 9685.40109	 0.15846	 9684.83461		 -0.40802
8	 52	 9685.730	 1.25927	 2.5460e-03	 2.2688e-03	 9685.39661	 -0.33323	 9685.46978		 -0.26006
8	 53	 9685.619	 1.20132	 2.5158e-03	 2.2953e-03	 9685.41966	 -0.19906	 9685.47664		 -0.14209
8	 54	 9685.393	 1.19664	 2.4783e-03	 2.2655e-03	 9685.89701	 0.50403	 9685.64527		 0.25228
8	 56	 9685.312	 1.18054	 2.4953e-03	 2.2966e-03	 9685.62394	 0.31157	 9685.75818		 0.44580
8	 57	 9685.464	 1.16787	 2.5080e-03	 2.3207e-03	 9685.82054	 0.35604	 9685.66202		 0.19752
8	 58	 9685.508	 1.10039	 2.4713e-03	 2.3559e-03	 9685.49889	 -0.00917	 9685.50292		 -0.00515
8	 59	 9685.308	 1.20546	 2.4856e-03	 2.2639e-03	 9685.50901	 0.20146	 9685.33980		 0.03225
8	 61	 9685.868	 1.24345	 2.5172e-03	 2.2574e-03	 9686.29300	 0.42485	 9686.00043		 0.13228
8	 62	 9685.720	 1.24466	 2.4855e-03	 2.2278e-03	 9685.63883	 -0.08110	 9685.46502		 -0.25491
8	 63	 9686.053	 1.28480	 2.5341e-03	 2.2357e-03	 9685.79734	 -0.25523	 9685.89074		 -0.16182
8	 64	 9685.227	 1.18657	 2.4504e-03	 2.2495e-03	 9685.31060	 0.08390	 9685.40137		 0.17466
8	 66	 9685.317	 1.12777	 2.4955e-03	 2.3499e-03	 9685.31281	 -0.00404	 9685.19395		 -0.12290
8	 67	 9685.646	 1.18835	 2.4336e-03	 2.2325e-03	 9685.11607	 -0.52978	 9685.23887		 -0.40697
8	 68	 9684.970	 1.11018	 2.4440e-03	 2.3196e-03	 9685.31974	 0.34966	 9684.81664		 -0.15344
8	 69	 9685.713	 1.23324	 2.5440e-03	 2.2909e-03	 9686.64060	 0.92714	 9685.92467		 0.21122
#8	 71	 9686.915	 3.61700	 2.2227e-03	 1.1687e-03	 8860.36416	 -826.55121	 8252.11891		 -1434.79647
8	 72	 9685.817	 1.23557	 2.5472e-03	 2.2915e-03	 9686.18283	 0.36604	 9685.83283		 0.01604
8	 73	 9685.712	 1.22017	 2.5653e-03	 2.3224e-03	 9685.74474	 0.03249	 9686.22749		 0.51524
8	 74	 9685.542	 1.27722	 2.5667e-03	 2.2711e-03	 9685.47717	 -0.06531	 9685.59523		 0.05274
8	 76	 9685.630	 1.24614	 2.5408e-03	 2.2761e-03	 9686.57826	 0.94820	 9685.62153		 -0.00852
8	 77	 9685.797	 1.16262	 2.4651e-03	 2.2862e-03	 9685.98146	 0.18413	 9685.79146		 -0.00588
8	 78	 9685.349	 1.11524	 2.4594e-03	 2.3289e-03	 9685.47438	 0.12499	 9685.45279		 0.10340
8	 79	 9685.824	 1.15678	 2.5319e-03	 2.3541e-03	 9686.28833	 0.46409	 9686.13306		 0.30882
8	 81	 9685.572	 1.27979	 2.5426e-03	 2.2476e-03	 9685.85350	 0.28146	 9685.62330		 0.05125
8	 82	 9685.479	 1.23961	 2.5420e-03	 2.2831e-03	 9685.45879	 -0.02027	 9685.46879		 -0.01026
8	 83	 9685.435	 1.29281	 2.5511e-03	 2.2437e-03	 9685.43319	 -0.00163	 9685.50309		 0.06827
8	 84	 9685.490	 1.19870	 2.4563e-03	 2.2435e-03	 9685.77769	 0.28804	 9685.70453		 0.21487
8	 86	 9685.940	 1.16327	 2.4895e-03	 2.3082e-03	 9686.24125	 0.30132	 9686.03619		 0.09626
8	 87	 9685.882	 1.29256	 2.5655e-03	 2.2565e-03	 9686.12002	 0.23821	 9685.99517		 0.11337
8	 88	 9685.748	 1.22831	 2.5260e-03	 2.2791e-03	 9685.95558	 0.20800	 9685.77011		 0.02254
8	 89	 9685.749	 1.17828	 2.4810e-03	 2.2856e-03	 9685.93861	 0.18969	 9686.02927		 0.28034
8	 91	 9685.624	 1.12685	 2.4444e-03	 2.3027e-03	 9685.87892	 0.25490	 9685.91500		 0.29098
8	 92	 9685.268	 1.23848	 2.5319e-03	 2.2751e-03	 9685.84696	 0.57943	 9685.93453		 0.66700
8	 93	 9685.180	 1.25112	 2.5112e-03	 2.2451e-03	 9685.64837	 0.46851	 9685.54170		 0.36184
8	 94	 9685.561	 1.15422	 2.5216e-03	 2.3471e-03	 9686.01980	 0.45854	 9685.59441		 0.03316
8	 96	 9685.378	 1.21736	 2.5001e-03	 2.2659e-03	 9685.09266	 -0.28494	 9685.25846		 -0.11915
8	 97	 9685.731	 1.25756	 2.5700e-03	 2.2918e-03	 9685.60943	 -0.12177	 9685.85086		 0.11966
8	 98	 9685.638	 1.19504	 2.5381e-03	 2.3217e-03	 9685.45770	 -0.18050	 9685.70479		 0.06659
8	 99	 9685.659	 1.23767	 2.5283e-03	 2.2726e-03	 9686.53407	 0.87475	 9685.67389		 0.01457
